10 0
7 6144
7 2730
6 4096
10 5734
11 7509
10 9362
13 11264
14 13198
15 14745
17 16384
18 18090
19 19849
20 21357
21 22937
22 24320
24 25780
24 27306
31 28672
27 30105
28 31597
30 32954
30 34192
35 35498
32 36864
34 38281
34 39746
35 41106
36 42372
37 43690
39 45056
40 46464
40 47786
47 49031
43 50439
43 51882
68 53358
46 54864
47 56293
47 57753
50 59242
61 60659
51 62106
52 63581
53 65080
54 66604
55 68063
57 69546
60 71053
59 72499
60 73968
67 75460
62 76973
63 78506
64 80058
65 81554
67 82997
68 84462
68 85946
71 87449
82 88903
71 90376
73 91867
98 93376
150 94901
113 96442
78 97998
78 99568
80 101153
80 102692
82 104246
84 105813
85 107393
94 108931
87 110428
88 111885
89 113358
90 114845
97 116347
96 117862
93 119390
95 120931
102 122485
132 124050
98 125578
99 127118
104 128623
102 130094
102 131578
104 133028
201 134492
588 135969
176 137458
109 138958
114 140471
111 141994
111 143528
115 145073
120 146628
115 148193
116 149767
123 151351
119 152943
132 154505
122 156038
121 157580
122 159131
123 160692
139 162261
136 163840
127 165389
128 166948
130 168515
146 170055
138 171604
142 173126
193 174657
136 176197
137 177745
245 179302
143 180867
140 182439
142 184020
148 185608
158 187203
145 188773
176 190351
158 191904
167 193432
150 194938
186 196451
155 197973
156 199502
169 201040
166 202585
162 204137
158 205696
182 207263
162 208837
162 210417
315 211975
247 213540
172 215082
167 216632
167 218189
192 219725
182 221267
199 222789
171 224290
190 225798
200 227341
179 228890
247 230446
177 232009
177 233577
210 235126
190 236654
229 238190
217 239731
225 241280
186 242808
190 244344
188 245885
252 247408
195 248937
213 250472
203 252014
220 253561
253 255115
203 256650
199 258191
215 259738
205 261291
203 262850
244 264390
204 265937
202 267489
203 269047
204 270587
210 272110
206 273639
207 275152
217 276670
218 278171
267 279679
384 281192
229 282689
235 284192
220 285701
363 287215
344 288735
232 290261
224 291792
228 293307
253 294827
223 296353
244 297885
236 299401
243 300922
250 302428
229 303919
317 305415
323 306917
255 308424
248 309917
270 311415
235 312898
237 314387
254 315881
243 317361
261 318827
294 320299
243 321757
244 323220
248 324688
258 326144
254 327604
261 329070
307 330541
253 332018
279 333499
317 334986
254 336478
297 337974
260 339476
270 340982
265 342494
259 344010
285 345512
263 347020
302 348514
302 350013
425 351517
286 353026
449 354539
282 356056
321 357579
313 359088
275 360602
302 362103
323 363592
359 365085
291 366583
305 368086
334 369592
378 371104
315 372619
298 374139
299 375664
284 377176
339 378692
312 380212
360 381737
311 383250
290 384766
292 386288
296 387797
307 389310
297 390812
301 392302
313 393796
298 395279
312 396766
302 398258
351 399754
396 401254
335 402757
515 404266
559 405778
362 407294
371 408798
315 410292
319 411790
330 413292
328 414798
342 416307
320 417821
322 419324
330 420816
323 422312
316 423812
326 425315
319 426823
333 428334
332 429835
324 431325
340 432805
349 434275
329 435735
404 437184
446 438637
383 440095
445 441557
491 443022
491 444492
366 445965
471 447443
338 448924
344 450409
336 451898
338 453376
353 454859
393 456332
425 457808
345 459289
344 460773
356 462247
346 463725
383 465207
633 466692
530 468182
363 469661
363 471144
401 472618
425 474095
425 475576
360 477061
452 478549
362 480040
364 481536
424 483034
366 484523
379 486016
364 487512
369 488999
392 490477
367 491945
487 493418
656 494881
585 496348
410 497818
400 499292
381 500757
375 502226
378 503697
409 505173
382 506639
415 508110
384 509583
402 511060
401 512528
389 513988
400 515439
386 516893
394 518351
405 519813
454 521277
557 522746
431 524217
420 525692
399 527170
476 528640
408 530112
412 531577
412 533033
601 534481
564 535933
413 537399
418 538857
412 540319
461 541772
411 543229
451 544689
580 546152
496 547618
419 549087
444 550560
421 552036
423 553515
415 554996
418 556481
428 557969
421 559449
420 560922
423 562397
443 563875
425 565345
449 566819
427 568284
437 569753
486 571225
497 572700
456 574177
603 575648
461 577121
453 578597
437 580076
455 581558
441 583042
504 584530
455 586021
453 587514
478 589000
462 590478
457 591949
459 593423
511 594900
584 596369
506 597841
459 599316
641 600794
708 602275
826 603748
610 605224
513 606703
767 608185
499 609659
730 611127
836 612597
929 614070
755 615546
979 617024
629 618496
654 619960
643 621427
544 622887
497 624350
593 625806
511 627254
765 628706
632 630151
534 631589
574 633030
579 634474
538 635920
494 637370
511 638822
610 640277
559 641735
488 643195
571 644659
507 646125
671 647584
899 649036
803 650491
720 651949
789 653410
665 654873
735 656330
733 657789
709 659251
614 660716
513 662174
773 663635
811 665098
548 666564
575 668032
540 669494
525 670959
555 672426
550 673896
545 675359
664 676825
594 678293
616 679764
551 305214
966 306025
657 306833
574 307637
722 308437
644 309252
537 310063
655 310880
582 311702
539 312529
546 313361
617 314199
539 315041
587 315889
714 316742
585 317592
860 318446
1295 319306
601 320170
571 321040
550 321906
582 322776
831 323652
734 324524
819 325401
832 326283
775 327170
931 328053
729 328932
570 329816
674 330697
570 331582
561 332472
564 333367
557 334267
599 335162
603 336063
712 336960
622 337861
727 338768
560 339678
569 340594
579 341506
575 342414
589 343326
573 344235
612 345149
583 346067
587 346989
641 347916
810 348848
848 349783
876 350724
898 351668
861 352609
852 353554
929 354504
901 355457
974 356415
1007 357370
899 358328
883 359283
907 360242
941 361205
938 362173
955 363144
966 364120
1097 365100
639 366083
682 367071
632 368055
646 369036
647 370020
921 371009
730 372001
667 372998
635 373998
689 374995
851 375995
917 377000
937 378008
780 379021
880 380029
947 381034
740 382043
629 383055
623 384064
784 385069
1102 386078
1036 387090
817 388099
838 389112
671 390121
682 391134
677 392151
649 393163
666 394180
745 395193
847 396210
675 397230
645 398254
674 399282
659 400314
651 401349
750 402380
658 403415
671 404454
636 405489
699 406528
815 407570
728 408615
682 409665
663 410717
671 411773
692 412833
662 413896
789 414956
679 416012
662 417071
694 418133
835 419192
715 420248
673 421306
680 422369
652 423434
652 424496
669 425554
682 426616
710 427681
743 428749
740 429814
772 430882
742 431946
742 433014
741 434085
719 435160
677 436237
665 437318
689 438396
736 439469
730 440546
704 441627
795 442710
730 443797
766 444887
692 445980
679 447076
696 448168
684 449264
714 450363
711 451465
751 452570
695 453679
732 454790
692 455904
776 457015
707 458129
703 459246
691 460359
701 461476
695 462595
708 463717
751 464842
713 465971
737 467102
717 468236
701 469373
714 470507
775 471643
703 472776
765 473905
704 475038
730 476173
709 477310
776 478458
738 479602
862 480748
732 481891
715 483037
765 484185
725 485337
752 486485
728 487629
726 488776
718 489926
782 491079
776 492234
740 493386
720 494541
740 495698
738 496858
833 498015
764 499168
732 500324
734 501482
803 502637
862 503795
775 504955
745 506119
799 507278
780 508440
904 509599
782 510761
752 511925
755 513092
841 514261
874 515433
901 516608
810 517786
812 518960
846 520136
813 521315
782 522497
802 523681
954 524868
876 526052
851 527232
812 528408
787 529587
776 530768
836 531952
781 533133
827 534316
896 535502
988 536690
891 537881
942 539074
836 540264
826 541456
850 542651
822 543842
788 545030
945 546220
991 547413
869 548602
803 549788
1393 550971
1136 552156
1071 553343
940 554527
883 555708
1039 556891
873 558077
852 559265
815 560455
828 561642
802 562832
824 564024
864 565218
868 566415
920 567615
863 568816
838 570020
919 571227
838 572441
814 573658
822 574878
851 576099
933 577323
964 578549
835 579778
869 581009
857 582242
827 583472
832 584704
821 585938
815 587174
846 588413
973 589654
863 590897
878 592142
851 593390
821 594640
837 595892
886 597146
845 598402
852 599661
921 600921
913 602184
845 603443
845 604705
870 605974
903 607245
848 608513
838 609778
1064 611039
1182 612296
866 613556
977 614812
897 616071
1057 617326
1149 618583
1133 619843
1212 621104
1126 622362
1138 623622
916 624885
869 626144
910 627405
952 628668
1046 629933
913 631195
941 632459
1214 633725
999 634993
941 636263
4327 637535
2641 638809
3621 640080
941 641353
1192 642628
940 643905
1006 645184
873 646464
867 647747
878 649032
945 650319
957 651608
998 652899
1043 654191
873 655486
880 656783
976 658076
883 659366
872 660658
897 661952
911 663248
1066 664540
936 665829
882 667120
896 668408
892 669698
1096 670990
974 672278
917 673563
1041 674850
941 676139
950 677425
904 678713
937 679997
895 681284
910 682572
952 683862
1040 685154
965 686443
944 687734
904 689021
946 690311
901 691607
899 692900
905 694190
948 695477
991 696761
978 698041
912 699323
928 700602
918 701883
909 703166
916 704446
1029 705723
1077 706996
995 708272
973 709549
937 710828
926 712109
942 713392
941 714677
968 715963
1008 717252
994 718537
959 719819
995 721104
1008 722389
1000 723677
993 724962
976 726243
1222 727527
942 728807
947 730089
935 731373
953 732659
1063 733947
944 735236
1000 736528
1173 737821
981 739111
970 740403
963 741696
976 742992
1066 744289
963 745588
1060 746888
1102 748186
1003 749485
1012 750787
1039 752090
1006 753394
966 754701
1056 756004
1323 757309
1022 758611
1023 759915
1059 761221
1009 762523
999 763827
1002 765128
1273 766431
1063 767736
1127 769042
1035 770346
986 771651
970 772953
977 774252
1059 775553
1328 776855
1001 778160
1018 779465
1043 780773
1077 782078
976 783379
988 784678
1388 785978
1054 787276
998 788575
1201 789876
1018 791178
1002 792478
1108 793775
1062 795073
1098 796373
1105 797675
1026 798978
1050 800283
1019 801590
1060 802898
1143 804208
1047 805520
1020 806829
1057 808139
1038 809451
1012 810765
1068 812076
1031 813388
1131 814703
1276 816014
1034 817322
1019 818627
1035 819934
1055 821243
1033 822553
1210 823865
1071 825174
1056 826485
1051 827793
1070 829102
1075 830408
1033 831717
1222 833026
1065 834338
1052 835646
1068 836956
1081 838268
1078 839581
1066 840896
1074 842213
1143 843531
1111 844851
1063 846172
1058 847495
1125 848819
1076 850141
1084 851464
1227 852788
1104 854110
1072 855429
1065 856750
1295 858072
1064 859396
1065 860721
1251 862048
1073 863372
1079 864697
1062 866024
1075 867353
1151 868683
1074 870014
1255 871347
1198 872678
1151 874010
1133 875339
1145 876669
1244 878001
1831 879335
1173 880670
1379 882006
1119 883344
1118 884684
1184 886025
1419 887363
1258 888699
1180 890031
1293 891365
1173 892701
1449 894038
1359 895372
1206 896704
1111 898037
1123 899371
1137 900707
1234 902045
1258 903380
1285 904711
1163 906045
1540 907380
1259 908716
1171 910054
1222 1240519
1362 1241967
1138 1243417
1129 1244868
1252 1246321
1165 1247774
1225 1249225
1570 1250677
1591 1252130
1598 1253584
1606 1255040
1569 1256496
1187 1257950
1134 1259405
1152 1260861
1225 1262314
1187 1263765
1327 1265216
1227 1266669
1266 1268119
1171 1269570
1231 1271018
1117 1272467
1127 1273913
1285 1275361
1298 1276809
1244 1278259
1141 1279706
1215 1281155
1324 1282600
1561 1284042
1385 1285486
1236 1286931
1231 1288373
1169 1289812
1294 1291252
1402 1292694
1220 1294137
1157 1295576
1323 1297013
1278 1298448
1539 1299883
2251 1301316
1675 1302749
1189 1304184
1177 1305621
1780 1307054
1364 1308485
1441 1309916
1500 1311349
1245 1312784
1422 1314219
1302 1315656
1329 1317093
1353 1318532
1221 1319972
1272 1321414
1378 1322852
1354 1324292
1775 1325733
1319 1327175
1210 1328614
1294 1330055
1349 1331496
1244 1332939
1192 1334379
1236 1335816
1220 1337251
1434 1338683
1234 1340112
1296 1341542
1235 1342969
1172 1344398
1268 1345828
1491 1347258
1315 1348687
1195 1350116
1209 1351547
1200 1352975
1175 1354400
1250 1355822
1227 1357246
1266 1358667
1190 1360089
1197 1361508
1227 1362925
1375 1364339
1285 1365754
1222 1367175
1222 1368596
1228 1370019
1184 1371439
1330 1372860
1348 1374282
1258 1375706
1261 1377131
1281 1378557
1253 1379980
1412 1381400
1273 1382822
1416 1384241
1241 1385661
1207 1387083
1248 1388505
1380 1389929
1271 1391354
1264 1392776
1331 1394200
1224 1395624
1295 1397050
2267 1398477
1735 1399905
1647 1401330
1775 1402757
1646 1404184
1783 1405613
1371 1407043
1438 1408474
1279 1409903
2135 1411329
1255 1412756
1352 1414180
1447 1415606
1589 1417032
1753 1418456
1434 1419881
1391 1421312
1326 1422743
1285 1424171
1324 1425597
1572 1427024
1242 1428453
1220 1429882
1255 1431309
1237 1432737
1412 1434166
1328 1435596
1238 1437023
1302 1438452
1302 1439878
1262 1441305
1393 1442734
1375 1444163
1224 1445590
1240 1447018
1271 1448447
1243 1449877
1351 1451305
1300 1452730
1245 1454156
1228 1455584
1267 1457012
1266 1458442
1583 1459872
1259 1461304
1358 1462737
1709 1464171
1280 1465606
1280 1467042
1384 1468479
1273 1469914
1434 1471349
1407 1472782
1258 1474217
1404 1475648
1490 1477081
1278 1478515
1236 1479950
1252 1481386
1280 1482823
1366 1484261
1353 1485701
1287 1487141
1378 1488582
1251 1490021
1312 1491461
1543 1492902
1391 1494344
1351 1495787
1306 1497232
1330 1633845
1805 1635291
1368 1636738
1388 1638187
1274 1639633
1275 1641083
1371 1642534
1429 1643987
1284 1645440
1403 1646895
1296 1648347
1304 1649800
1423 1651254
1378 1652709
1296 1654162
1347 1655615
1351 1657070
1384 1658526
1429 1659979
1412 1661429
1408 1662878
1437 1664323
1437 1665770
1766 1667218
1453 1668667
1753 1670117
2286 1671567
2154 1673016
1461 1674465
1352 1675916
1319 1677363
1417 1678812
1433 1680262
1421 1681713
1368 1683165
1302 1684618
1340 1686069
1361 1687520
1511 1688970
1366 1690420
1338 1691871
1328 1693323
1333 1694776
1450 1696230
1407 1697685
1344 1699141
1334 1700599
1380 1702057
1321 1703512
1501 1704969
1390 1706423
1332 1707878
1361 1709331
1358 1710785
1495 1712236
1400 1713689
1358 1715142
1457 1716593
1394 1718041
1466 1719491
1800 1720941
1468 1722393
1400 1723845
1515 1725295
1835 1726746
1726 1728198
1406 1729652
1451 1731106
1359 1732560
1596 1734016
1395 1735473
1372 1736931
1378 1738390
1387 1739850
1533 1741311
1526 1742769
1458 1744228
1450 1745685
1416 1747143
1435 1748599
1475 1750052
1672 1751506
1550 1752961
1486 1754414
2133 1755868
1488 1757319
1389 1758772
1388 1760225
1404 1761679
1652 1763134
1995 1764591
1581 1766048
1421 1767506
1650 1768965
1628 1770425
1440 1771882
1411 1773341
1422 1774801
1393 1776261
1620 1777722
1463 1779182
1427 1780642
1393 1782102
1410 1783561
1466 1785021
1450 1786481
1421 1787943
1397 1789405
1453 1790865
1445 1792326
1543 1793785
1419 1795241
1397 1796698
1430 1798156
1436 1799616
1624 1801072
1404 1802530
1455 1803989
1492 1805445
1485 1806903
1637 1808358
1500 1809814
1561 1811271
1541 1812728
1893 1814184
1985 1815641
1534 1817098
1610 1818553
1445 1820009
2225 1821466
1585 1822924
1523 1824383
1528 1825843
1547 1827303
1538 1828762
1552 1830221
1488 1831678
1627 1833136
1711 1834595
1747 1836055
1575 1837515
1587 1838977
1480 1840439
1676 1775491
1460 1776943
1474 1778393
1455 1779844
1564 1781293
1641 1782743
1570 1784193
1481 1785645
1514 1787094
1592 1788544
2094 1789995
2136 1791444
2122 1792894
2047 1794345
1534 1795797
1455 1797249
1518 1798700
1479 1800151
1610 1801600
1587 1803050
1556 1804501
1479 1805950
1597 1807399
1683 1808847
1568 1810292
1560 1811738
1748 1813185
1515 1814633
2049 1816079
1895 1817525
2427 1818973
4922 1820421
2678 1821868
7522 1823312
2039 1824757
2761 1826203
2845 1827646
1952 1829091
2775 1830534
2317 1831974
1806 1833415
2098 1834857
2335 1836297
1918 1837735
1723 1839174
2293 1840610
1886 1842048
1798 1843486
1852 1844929
3160 1846372
1988 1847816
1924 1849261
1887 1850707
2186 1852154
1864 1853602
1833 1855051
1900 1856500
1752 1857951
1797 1859399
1764 1860848
1903 1862298
1861 1863746
1915 1865195
1795 1866644
2410 1868095
2172 1869543
1527 1870993
1606 1872440
1666 1873885
1695 1875331
1537 1876775
1880 1878216
1518 1879659
2341 1881102
1648 1882547
1627 1883992
1672 1885438
2280 1886882
1674 1888324
1904 1889767
1637 1891211
1773 1892652
1747 1894095
1669 1895535
1684 1896976
1770 1898418
1837 1899861
1556 1901302
1592 1902744
1554 1904187
1840 1905630
1610 1907075
1798 1908520
1571 1909966
1717 1911413
1609 1912861
1575 1914310
1583 1915756
1605 1917204
1668 1918652
1664 1920102
1593 1921552
1572 1923003
1571 1924454
2095 1925907
1587 1927361
1580 1928812
1553 1930264
1579 1931717
1645 1933171
1629 1934626
1635 1936082
1793 1937539
1820 1938993
1769 1940448
1652 1941904
1968 1943358
1655 1944813
2009 1946266
1599 1947717
1610 1949169
1579 1950618
1827 1952066
1566 1953514
1639 1954963
1653 1956414
1619 1957864
2068 1959316
1841 1960769
1982 1962219
1656 1963671
2259 1965123
1650 1966576
1696 1968030
1656 1969485
1757 1970937
1639 1972391
1738 1973845
1615 1975298
1650 1976751
1689 1978202
1613 1979651
1635 1981101
1639 1982552
1904 1984001
1655 1985447
1633 1986895
1598 1988343
1774 1989790
1705 1991237
1633 1992685
1630 1994134
1619 1995584
1704 1997034
1787 1998486
1612 1999938
1650 2001388
1682 2002839
2165 2004288
1663 2005735
1703 2007183
1761 2008629
1940 2010076
1648 2011523
1726 2012972
1652 2014421
1786 2015871
1924 2017322
1705 2018773
1669 2020223
1786 2021673
1998 2023125
1945 2024577
1661 2026030
1682 2027483
1819 2028938
1750 2030393
1753 2031849
1878 2033306
1883 2034764
1798 2036220
1802 2037673
1805 2039125
2278 2040578
1839 2042031
1727 2043486
1758 2044941
1912 2046396
1743 2047853
1727 2049311
1775 2050766
1931 2052220
1860 2053671
1723 2055123
1736 2056577
1836 2058031
1927 2059483
1732 2060935
1731 2062389
1758 2063843
1919 2065299
1692 2066755
1774 2068211
1782 2069666
1967 2071119
1789 2072570
1728 2074022
1688 2075474
1887 2076928
1761 2078382
1792 2079837
1679 2081290
1872 2082743
1961 2084198
1783 2085651
1719 2087104
1748 2088558
2016 2090011
1697 2091464
1707 2092918
1733 2094372
1996 2095828
1737 2097284
1695 2098741
1720 2100199
1848 2101657
1823 2103114
1694 2104571
1998 2106027
1807 2107483
1954 2108940
1833 2110395
1846 2111851
2893 2113305
2273 2114760
1857 2116215
1789 2117672
1869 2119129
1762 2120584
1800 2122040
2195 2123494
2108 2124949
1878 2126402
1750 2127856
1811 2129307
2306 2130760
1868 2132213
1946 2133665
2043 2135120
2090 1909831
1836 1911225
1828 1912620
1890 1914012
1994 1915406
1896 1916801
1809 1918196
1959 1919592
1903 1920987
1841 1922382
1859 1923778
1962 1925172
2097 1926567
1875 1927961
1933 1929352
2133 1930742
1852 1932133
1799 1933524
2075 1934916
2177 1936309
1922 1937703
1868 1939098
1963 1940494
2229 1941888
2198 1943282
2294 1944678
1882 1946072
2681 1947464
2252 1948856
2110 1950248
2690 1951639
2269 1953032
2051 1954426
2100 1955820
2352 1957215
1917 1958609
1868 1960003
2226 1961395
1845 1962789
1812 1964180
1914 1965573
2018 1966963
1906 1968355
1908 1969744
1892 1971132
2005 1972521
1885 1973913
1811 1975304
1817 1976698
2082 1978092
1959 1979488
1835 1980884
1956 1982281
1990 1983682
1982 1985083
1846 1986483
1903 1987883
2005 1989284
1932 1990686
1844 1992089
1860 1993490
1996 1994889
2070 1996289
1935 1997690
2062 1999092
2202 2000495
1909 2001898
1885 2003302
1860 2004707
2134 2006113
1879 2007517
1884 2008921
1857 2010327
2185 2011731
1914 2013135
2404 2014541
2128 2015947
2951 2017354
2822 2018762
2499 2020170
2499 2021577
2261 2022985
2580 2024393
2508 2025803
2164 2027213
2673 2028623
3231 2030035
1911 2031447
1897 2032860
2121 2034274
1961 2035686
1960 2037099
1912 2038513
2147 2039928
1971 2041343
1896 2042756
1915 2044171
2098 2045586
1976 2047002
1906 2048418
2020 2049836
2233 2051254
1963 2052670
1964 2054088
1906 2055503
2945 2056919
2150 2058334
2218 2059749
1996 2061163
2042 2062577
1857 2063990
1846 2065401
2035 2066812
1951 2068225
1919 2069638
2193 2071052
2556 2072464
3062 2073878
2033 2075289
2919 2076699
2022 2078107
1957 2079513
1965 2080920
1933 2082325
1912 2083731
1901 2085138
2050 2086546
2655 2087952
1909 2089359
1911 2090766
2236 2092175
1993 2093584
1926 2094994
1937 2096404
2027 2097815
1896 2099228
1945 2100640
1936 2102052
2419 2103464
1934 2104876
1916 2106290
1954 2107704
2026 2109119
1908 2110535
1895 2111951
1980 2113366
2009 2114781
2211 2116198
2524 2117615
2794 2119030
1899 2120446
1935 2121863
1984 2123278
2088 2124691
1935 2126106
1984 2127518
1998 2128932
1992 2130343
1971 2131753
2297 2133164
2117 2134576
1972 2135988
2095 2137401
1985 2138812
2855 2140224
2005 2141635
1992 2143043
2185 2144453
2325 2145863
2050 2147272
2024 2148679
2102 2150087
2098 2151495
1946 2152904
2054 2154312
2285 2155720
2001 2157129
1933 2158539
2255 2159947
2027 2161356
1983 2162766
1991 2164174
2167 2165583
2074 2166992
1989 2168402
1973 2169813
2331 2171225
1979 2172638
2047 2174051
2047 2175465
2083 2176879
1955 2178295
1998 2179711
2008 2181128
2009 2182543
1962 2183959
1997 2185376
2041 2186791
2024 2188204
1952 2189618
2046 2191033
2418 2192449
1977 2193865
1993 2195280
2017 2196695
2381 2198111
2163 2199528
2031 2200946
2819 2202364
2651 2203783
2535 2205203
3236 2206621
2682 2208040
2243 2209457
2933 2210875
2122 2212294
2091 2213713
2146 2215131
2545 2216549
2093 2217968
2258 2219388
2506 1422219
2261 1421979
2032 1421743
2529 1421508
2141 1421277
2397 1421048
2209 1420819
2459 1420593
2283 1420369
2052 1420148
2657 1419929
2932 1419711
2148 1419495
2315 1419280
2176 1419067
2153 1418856
2078 1418646
2717 1418438
2964 1418233
2611 1418031
2398 1417830
2450 1417633
2856 1417438
2964 1417243
2350 1417051
2303 1416861
3905 1416673
2660 1416486
2267 1416299
2575 1416115
2267 1415933
2495 1415751
2444 1415572
2249 1415393
2057 1415216
2160 1415045
2532 1414873
2179 1414702
2078 1414533
2412 1414364
2237 1414195
2062 1414029
2119 1413865
2480 1413704
2123 1413543
2051 1413384
2182 1413228
2308 1413074
2161 1412921
2145 1412770
2749 1412621
2116 1412474
2076 1412331
2072 1412189
2195 1412050
2132 1411913
2096 1411777
2097 1411643
2267 1411511
2075 1411381
2250 1411254
2244 1411130
2100 1411005
2202 1410881
2126 1410759
2226 1410640
2278 1410522
2455 1410405
3382 1410291
2874 1410176
2267 1410061
2953 1409949
2698 1409840
2416 1409732
2674 1409625
2146 1409520
2123 1409417
2111 1409315
2374 1409215
2086 1409117
2109 1409019
2175 1408924
2143 1408828
2128 1408735
2099 1408642
2262 1408552
2127 1408464
2121 1408375
2196 1408290
2351 1408206
2152 1408125
2112 1408046
2244 1407969
2146 1407893
2163 1407818
2208 1407744
3477 1407670
2333 1407598
2640 1407528
2416 1407461
2717 1407394
2147 1407329
2314 1407266
2314 1407204
2313 1407141
2172 1407078
2702 1407018
2438 1406960
2368 1406904
2866 1406849
2405 1406795
2240 1406744
2418 1406695
2487 1406648
2190 1406602
2225 1406555
2325 1406511
2176 1406468
2183 1406426
2388 1406386
2209 1406349
2269 1406313
2213 1406278
2423 1406242
2183 1406207
2235 1406174
2340 1406143
2361 1406112
2193 1406083
2309 1406056
2471 1406030
2391 1406006
2574 1405983
2684 1405961
2397 1405941
2353 1405923
2658 1405906
2395 1405890
2442 1405877
2808 1405865
2295 1405854
2161 1405845
2237 1405838
2605 1405833
2196 1405831
2350 1405828
3185 1405828
2452 1405829
2947 1405831
3112 1405833
2264 1405834
2318 1405836
2534 1405838
2194 1405842
2225 1405847
2260 1405856
2265 1405866
2177 1405878
2256 1405892
2299 1405909
2247 1405928
2183 1405948
2279 1405971
2460 1405994
2308 1406019
2183 1406046
2420 1406075
2277 1406106
2220 1406140
2223 1406173
2724 1406206
2223 1406241
2201 1406277
2293 1406312
2260 1406347
2208 1406382
2316 1406419
2311 1406459
2258 1406500
2247 1406541
2743 1406585
2239 1406630
2257 1406678
2226 1406725
2385 1406775
2203 1406826
2363 1406878
2451 1406931
2371 1406987
2724 1407043
2541 1407100
3160 1407158
2505 1407217
2710 1407277
2279 1407336
2301 1407398
2437 1407461
2343 1407525
2300 1407588
2265 1407653
3212 1407719
2347 1407784
2582 1407849
3106 2959949
2460 2961401
2287 2962855
2474 2964309
2302 2965763
2304 2967218
2307 2968676
2243 2970135
2219 2971592
2515 2973049
2239 2974509
2343 2975970
2315 2977432
2348 2978891
2437 2980352
2370 2981813
2394 2983273
2404 2984733
2420 2986194
2406 2987655
2537 2989117
3144 2990580
2629 2992041
2511 2993501
2867 2994961
3024 2996422
2584 2997881
2375 2999341
2446 3000800
2387 3002259
2273 3003718
2401 3005179
2249 3006638
2264 3008097
2443 3009557
2277 3011018
2281 3012477
2307 3013934
2417 3015393
2261 3016851
2413 3018311
2329 3019769
2282 3021225
2272 3022680
2820 3024136
2368 3025592
2350 3027047
2459 3028503
2482 3029959
2299 3031415
2538 3032872
2699 3034328
2311 3035784
2504 3037241
2325 3038699
2247 3040157
2276 3041615
2308 3043073
2523 3044530
2395 3045989
2596 3047448
2771 3048907
2609 3050367
2724 3051828
2457 3053289
2737 3054751
2537 3056214
2422 3057677
2752 3059138
2432 3060598
2450 3062057
2353 3063514
2554 3064972
2303 3066430
2486 3067889
2312 3069349
2347 3070807
2348 3072266
2665 3073725
2396 3075185
2414 3076644
2497 3078103
2419 3079560
2291 3081018
2497 3082477
2441 3083936
2698 3085394
3350 3086851
2773 3088306
2643 3089761
2498 3091216
2299 3092668
2291 3094120
2349 3095572
2318 3097024
2546 3098478
2570 3099931
2600 3101386
2666 3102838
2555 3104290
2794 3105742
2340 3107195
2770 3108646
2343 3110098
2355 3111550
2458 3113003
2421 3114455
2370 3115907
2401 3117357
2447 3118807
2300 3120255
2737 3121701
2477 3123148
2529 3124596
2425 3126044
2478 3127493
2306 3128941
2497 3130389
2413 3131837
2362 3133286
2329 3134736
2479 3136187
2601 3137637
2331 3139089
2632 3140541
2407 3141994
2379 3143445
2416 3144897
2488 3146349
2355 3147800
2413 3149251
2402 3150704
2390 3152156
2725 3153610
3667 3155063
2557 3156518
2729 3157971
2550 3159424
2453 3160878
2577 3162333
2417 3163786
2512 3165240
2539 3166695
2411 3168150
2469 3169605
2578 3171060
2431 3172514
2392 3173968
2667 3175420
2426 3176872
2429 3178325
2644 3179777
2556 3181227
2439 3182676
2641 3184126
2446 3185576
2554 3187027
2571 3188478
2426 3189930
2463 3191382
2637 3192835
2520 3194289
2574 3195743
2506 3197198
2396 3198653
2479 3200107
2495 3201561
2518 3203014
2467 3204468
2548 3205922
2609 3207376
2812 3208830
3094 3210284
2547 3211736
3142 3213187
2878 3214639
2673 3216091
2616 3217544
2539 3218996
2939 3220446
2557 3221896
2476 3223346
2634 3224796
2512 3025993
2489 3027436
2627 3028878
2787 3030319
2479 3031760
2746 3033200
2691 3034640
2487 3036079
2724 3037516
2574 3038955
2535 3040393
2667 3041833
2638 3043273
2553 3044713
2931 3046152
2985 3047590
2687 3049028
3107 3050467
3040 3051905
3110 3053343
2919 3054782
3359 3056221
3086 3057661
3126 3059101
3094 3060540
2748 3061980
2660 3063420
2812 3064859
2596 3066298
2636 3067738
2795 3069179
2486 3070620
2574 3072061
2516 3073504
2501 3074946
2626 3076390
2638 3077834
2495 3079278
2582 3080723
2690 3082168
2511 3083614
2566 3085059
2526 3086505
2558 3087950
2823 3089397
2672 3090842
2527 3092287
2633 3093734
2622 3095180
2609 3096626
2724 3098072
2476 3099516
2655 3100962
3160 3102407
3330 3103854
2689 3105299
2997 3106744
2630 3108190
3252 3109635
2731 3111080
2670 3112526
2688 3113972
2462 3115419
2537 3116867
2645 3118315
2778 3119763
2489 3121212
2653 3122660
2519 3124109
2621 3125557
2595 3127005
2504 3128453
2544 3129902
2705 3131349
2536 3132797
2623 3134245
2764 3135694
2650 3137142
2699 3138588
2991 3140035
3056 3141483
2934 3142933
2535 3144383
2508 3145832
2653 3147282
2602 3148732
2563 3150182
2727 3151634
2685 3153083
2834 3154534
2810 3155985
2609 3157436
2768 3158888
2588 3160341
2557 3161794
2756 3163248
2637 3164702
2617 3166155
2842 3167608
2642 3169062
2572 3170515
2920 3171966
2642 3173418
2761 3174870
3445 3176321
5236 3177771
3307 3179220
2860 3180667
3584 3182115
3585 3183561
4038 3185008
3704 3186454
3789 3187900
3027 3189347
3376 3190794
3019 3192242
3338 3193691
3404 3195140
3565 3196587
3477 3198035
3153 3199484
3225 3200933
2957 3202383
2733 3203833
3100 3205284
2832 3206736
2837 3208187
2778 3209640
2608 3211093
2947 3212544
3195 3213997
3099 3215447
2652 3216899
2729 3218349
2780 3219800
2744 3221249
2616 3222699
2811 3224148
2860 3225595
2727 3227043
2918 3228491
2618 3229940
2652 3231390
2681 3232838
2644 3234287
2595 3235736
2688 3237186
2613 3238636
2622 3240087
2955 3241538
3376 3242990
3460 3244443
3526 3245894
2967 3247344
2802 3248794
2719 3250245
3214 3251696
2704 3253146
2732 3254597
2998 3256046
2658 3257496
2995 3258947
2804 3414450
2700 3415901
2868 3417350
3081 3418799
3116 3420250
2975 3421700
2794 3423152
2755 3424603
2871 3426056
2822 3427508
2945 3428962
2778 3430415
2800 3431870
2934 3433324
2743 3434778
2942 3436232
3073 3437687
3741 3439142
3176 3440597
3646 3442053
3508 3443510
3202 3444967
3061 3446425
3177 3447883
3096 3449342
3419 3450801
3199 3452259
3467 3453717
3462 3455176
3204 3456635
4295 3458097
4848 3459559
4739 3461022
6911 3462485
6682 3463947
4508 3465409
4964 3466872
4153 3468334
3646 3469796
3122 3471258
3930 3472722
4816 3474184
4932 3475646
4002 3