1 0
5 2048
4 8192
6 5120
6 6553
8 8192
8 9947
10 11264
12 12743
13 14336
14 16011
15 17408
16 18589
17 19894
18 21299
19 22784
18 24094
20 25258
22 26300
23 27443
24 28476
25 29602
25 30809
26 32085
25 33259
28 34500
34 35802
30 37156
31 38417
32 39731
33 41092
35 42368
35 43690
36 45056
37 46460
38 47786
40 49152
40 50553
42 51987
43 53452
92 54946
59 56466
114 58010
59 59485
48 60893
49 62241
50 63618
51 65024
52 66371
57 67665
63 68989
55 70340
81 71718
62 73045
58 74398
135 75702
60 77033
62 78388
62 79767
63 81100
65 82457
74 83835
66 85235
126 86592
72 87906
88 89243
87 90601
72 91919
73 93258
73 94617
75 95996
76 97393
90 98752
97 100130
172 101526
208 102938
97 104368
134 105760
126 107170
106 108595
86 110035
107 111491
136 112960
134 114444
100 115892
90 117355
96 118831
93 120273
93 121729
95 123198
101 124635
122 126085
98 127548
122 129024
141 130511
166 131968
184 133436
168 134875
159 136326
140 137789
173 139264
156 140749
139 142246
109 143753
131 145271
176 146799
145 148336
114 149845
115 151364
127 152892
142 154430
141 155977
151 157532
121 159097
132 160670
171 162251
175 90917
219 91604
179 92314
206 93047
160 93767
140 94510
142 95240
142 95991
143 96763
144 97556
155 98368
148 99168
161 99986
150 100824
159 101680
214 102524
153 103416
153 104325
155 105252
156 106194
203 107153
171 108128
214 109089
221 110065
202 111027
203 111976
311 112940
258 113920
182 114913
176 115894
226 116861
233 117843
233 118811
175 119794
173 120791
175 121802
219 122799
225 123810
209 124835
243 125873
256 126923
222 127961
225 128985
183 129996
184 131021
240 132032
258 133057
208 134094
189 135143
272 136204
226 137277
207 138337
197 139385
271 140444
374 141515
232 142574
256 143644
280 144725
235 145817
265 146897
254 147988
270 149066
219 150156
205 151233
207 152321
281 153419
239 154528
216 155648
211 156777
212 157916
222 159064
293 160223
267 161369
276 162524
275 163689
220 164864
222 166047
264 167239
230 168440
223 169649
225 170867
316 172073
322 173287
315 174510
388 175720
321 176939
377 178145
428 179340
299 180543
298 181755
345 182954
282 184142
238 185339
246 186524
242 187717
342 188899
256 190089
242 191287
244 192492
275 193706
269 194928
383 196157
295 197393
367 198637
289 199888
286 201146
264 202412
276 203666
278 204927
336 206177
465 207434
379 208680
328 209933
424 211175
412 212406
361 213627
357 214855
510 216090
403 217332
315 218563
269 219801
299 221046
272 222297
297 223556
301 224804
476 226041
366 227269
359 228503
420 229743
352 230991
313 232228
331 233472
384 234722
371 235978
303 237241
317 238510
342 239785
296 241067
328 242338
306 243616
305 244899
340 246188
335 247483
303 248784
329 250091
321 251403
314 252706
336 254014
318 255327
310 256631
337 257940
323 259255
336 260575
316 261901
330 263232
347 264568
330 265909
333 267256
336 268608
388 269950
326 271282
354 272619
343 273962
373 275295
327 276633
337 277976
340 279309
407 280633
342 281962
361 283297
365 284636
341 285980
341 287315
350 288655
351 289985
341 291320
378 292661
362 293992
377 295314
362 296627
403 297946
368 299269
383 300583
366 301902
366 303226
377 304555
386 305888
448 307226
958 308569
414 309917
405 311269
406 312612
375 313960
398 315312
399 316669
459 318017
373 319357
492 320701
380 322036
529 323376
385 324708
369 326044
460 327371
462 328704
432 330027
383 331343
372 332663
374 333975
419 335279
392 336588
385 337888
403 339181
393 340465
382 341755
417 343049
408 344347
559 345638
421 346921
389 348208
402 349500
417 350785
411 352074
418 353355
394 354629
412 355907
392 357178
400 358441
407 359709
394 360970
398 362235
422 363505
436 364779
399 366057
445 367329
504 368604
419 369885
409 371157
448 372435
541 373716
412 375002
411 376281
464 377564
434 378840
432 380108
432 381370
417 382636
424 383895
436 385159
425 386426
439 387698
431 388974
451 390244
464 391506
481 392762
440 394021
480 395286
432 396543
446 397804
493 399070
451 400329
456 401592
440 402860
501 404120
441 405385
443 406654
452 407916
449 409182
436 410453
472 411727
448 413006
484 414288
502 415575
608 416865
528 418159
518 419457
465 420749
460 422033
545 423322
448 424615
542 425911
504 427211
460 428505
452 429792
481 431083
468 432368
497 433646
554 434917
629 436193
501 437473
582 438756
481 440053
503 441344
508 442638
466 443936
502 445238
472 446543
478 447852
487 449164
512 450481
500 451800
516 453123
528 454450
613 455780
563 457113
481 458450
501 459790
483 461134
491 462480
567 463831
498 465184
487 466541
499 467901
499 469254
507 470611
500 471971
532 473334
1425 474691
569 476051
574 477414
523 478771
520 480131
552 481495
504 482861
519 484230
518 485594
558 486960
531 488330
526 489702
532 491078
1319 492456
574 493829
528 495204
621 496582
523 497964
622 499339
554 500708
538 502071
531 503438
541 504807
572 506179
547 507554
1788 508923
541 510295
547 511661
676 513030
590 514402
557 515768
560 517137
584 518500
609 519857
546 521218
540 522572
1123 523921
597 525272
582 526618
565 527967
568 529319
567 530665
633 532014
588 533357
567 534695
571 536027
567 537362
549 538700
610 540041
567 541385
566 542732
576 544082
633 545435
636 546782
737 548132
572 549485
629 550840
645 552190
609 553543
574 554891
828 556241
768 557594
657 558942
620 560284
599 561630
581 562969
721 564312
603 565657
651 566997
597 568332
618 569669
651 571010
577 572345
569 573674
580 575007
651 576342
691 577680
593 579021
595 580365
641 581712
598 583061
597 584413
595 585759
592 587109
598 588461
593 589808
586 591165
631 592525
604 593880
600 595230
614 596582
750 597937
601 599287
620 600632
615 601972
632 603314
622 604651
604 605983
598 607318
622 608656
697 609996
633 611331
736 612669
622 614010
641 615353
623 616699
623 618040
758 619375
621 620714
606 622047
621 623384
627 624715
663 626049
620 627385
706 628724
641 630058
616 631395
626 632735
619 634069
621 635406
632 636739
614 638073
648 639411
630 640751
636 642093
637 643431
634 644764
718 646092
632 647423
649 648756
626 650092
654 651431
647 652764
634 654100
637 655432
649 656766
636 658102
635 659441
652 660783
685 662119
648 663459
653 664800
642 666137
654 667470
709 668805
649 670135
648 671468
664 672803
661 674133
650 675466
720 676802
740 678140
669 679480
654 680823
666 682168
685 683516
659 684859
674 686204
692 687545
660 688889
662 690227
675 691568
673 692912
760 694251
685 695592
682 696929
685 698268
672 699610
679 700954
676 702293
677 703635
684 704979
679 706326
678 707675
730 709019
707 710359
711 711701
698 713046
692 714393
690 715742
695 717094
694 718447
688 719803
681 721161
698 722522
735 723885
900 725243
727 726597
712 727953
714 729305
722 730659
694 732015
697 733374
706 734728
708 736084
774 737436
763 738790
746 740140
739 741492
707 742847
707 744197
718 745543
748 746884
728 748221
704 749555
766 750890
744 752228
793 753568
769 754903
759 756241
739 757581
725 758923
719 760268
717 761608
732 762951
735 764295
717 765642
785 766991
811 768342
745 769689
734 771039
736 772390
728 773737
766 775080
743 776425
732 777766
726 779110
779 780455
798 781803
757 783152
753 784504
744 785858
751 787208
758 788559
805 789907
770 791257
751 792609
754 793963
744 795319
781 796672
785 798020
765 799370
761 800722
762 802076
771 803433
838 804785
758 806139
771 807496
754 808848
832 810203
791 811553
1043 812906
1047 814254
1042 815605
1079 816958
1022 818306
1012 819657
907 821010
791 822359
812 823710
815 825063
949 826412
928 827757
824 829104
809 830453
799 831804
871 833152
956 834501
800 835852
793 837206
878 838561
812 839918
798 841283
817 842650
802 844019
837 845384
1104 846751
797 848114
812 849485
821 850857
864 852232
818 853608
803 854987
907 856361
873 857732
1084 859098
816 860467
1115 861838
838 863210
826 864579
828 865949
824 867316
962 868685
894 870050
924 871416
920 872779
845 874144
891 875511
832 876880
822 878245
910 879611
853 880980
867 882350
978 883723
1054 885091
860 886462
884 887834
1062 889208
846 890584
848 891961
1091 893341
1047 894717
873 896089
860 897463
938 898838
859 900210
952 901584
855 902960
929 904337
945 905717
1060 907098
871 908480
860 909859
879 911235
866 912612
849 913986
844 915361
869 916738
896 918117
878 919498
858 920880
855 922270
860 923661
863 925048
898 926432
860 927813
920 929195
893 930579
972 931959
904 933336
874 934714
883 936094
932 937476
886 938854
885 940229
890 941606
870 942984
948 944359
885 945735
898 947108
863 948482
876 949859
964 951237
894 952617
903 953998
963 955376
966 956756
928 958137
922 959520
920 960905
2347 962291
3653 963679
3729 965063
919 966450
951 967838
925 969222
951 970603
991 971980
928 973359
1306 974740
952 976123
933 977502
955 978882
1124 980260
981 981634
917 983004
1030 984376
923 985750
942 987125
945 988503
1016 989876
995 991252
952 992624
963 993997
997 995378
960 996760
1023 998143
963 999523
1084 1000905
935 1002284
913 1003664
968 1005046
995 1006429
947 1007814
988 1009200
977 1010589
1053 1011973
1220 1013360
930 1014748
1031 1016137
1117 1017529
970 1018921
939 1020316
1040 1021707
997 1023099
952 1024493
1068 1025889
953 1027286
939 1028680
985 1030075
928 1031472
997 1032866
1200 1034256
958 1035648
939 1037042
1150 1038432
961 1039824
974 1041212
959 1042602
991 1043994
1040 1045387
1480 1046782
1081 1048178
975 1049576
1039 1050975
1016 1052371
985 1053768
986 1055167
995 1056568
1000 1057970
981 1059368
966 1060764
967 1062161
969 1063559
1009 1064955
1068 1066347
1055 1067736
966 1069126
993 1070518
966 1071907
975 1073292
960 1074675
1015 1076058
1328 1077444
1021 1078826
1008 1080205
983 1081586
994 1082968
1018 829874
1045 829653
1055 829437
1043 829226
1019 829021
1038 828815
1097 828615
1032 828420
1033 828230
1055 828045
1095 827860
1048 827681
1042 827506
1104 827332
1034 827163
1059 826998
1110 826839
1090 826685
1058 826530
1223 826377
1090 826228
1214 826084
1133 825945
1127 825810
1073 825681
1124 825556
1076 825436
1075 825316
1050 825202
1275 825091
1611 824986
1515 824885
1454 824789
1470 824698
1473 824612
1429 824530
1277 824448
1108 824371
1122 824298
1132 824230
1131 824167
1090 824108
1107 824054
1155 824005
1146 823960
1115 823919
1190 823879
1319 823843
1142 823811
1259 823784
1259 823762
1210 823739
1353 823721
1116 823708
1100 823699
1124 823689
1176 823685
1104 823684
1094 823684
1132 823688
1125 823692
1079 823700
1154 823708
1228 823721
1178 823733
1127 823750
1247 823771
1098 823792
1111 823818
1117 823847
1094 823881
1234 823919
1145 823962
1142 824004
1126 824050
1113 824101
1106 824156
1139 824215
1338 824278
1226 824345
1105 824416
1159 824492
1152 824576
1201 824664
1352 824756
1196 824852
1186 824952
1114 825056
1112 825164
1210 825276
1169 825388
1209 825504
1138 825619
1182 825735
1152 825854
1112 825977
1126 826104
1495 826236
1164 826371
1115 826510
1182 826652
1172 826795
1124 826937
1210 827083
1377 827233
1208 827387
1144 827545
1144 827702
1132 827864
1170 828029
1192 828193
1158 828358
1165 828526
1188 828698
1166 828869
1162 829045
1196 829224
1193 829407
1385 829593
1170 829779
1170 829969
1185 830163
1176 830356
1270 830553
1283 830750
1184 830950
1302 831150
1212 831353
1243 831557
1227 831759
1221 831966
1210 832176
1256 832385
1174 832598
1366 832811
1212 833028
1264 833248
1367 833471
1305 833698
1263 833929
1347 834163
1189 834397
1249 834631
1453 834868
1204 835108
1249 835352
1168 835603
1193 835858
1195 836117
1202 836375
1254 836636
1228 836901
1193 837170
1193 837437
1187 837705
1245 837972
1213 838242
1223 838511
1192 838785
1217 839061
1220 839341
1222 839624
1293 839907
1251 840190
1222 840471
1230 840756
1201 841045
1275 841337
1273 841628
1224 841923
1238 842221
1222 842518
1220 842815
1220 843115
1283 843418
1269 843721
1226 844027
1262 844337
1256 844650
1221 844962
1258 845277
1267 845596
1294 845914
1270 846235
1237 846556
1223 846876
1277 847200
1265 847526
1249 847856
1250 848189
1291 848525
1274 848865
1231 849208
1327 849550
1251 849895
1246 850243
1273 850595
1277 850945
1247 851299
1313 851653
1284 852009
1307 852369
1282 852731
1279 853097
1247 853466
1308 853838
1319 854210
1276 854584
1275 854961
1280 855342
1267 855726
1291 856112
1621 856502
1330 856895
1318 857290
1267 857689
1289 858091
1321 858496
1462 858903
1373 859314
1308 859728
1275 860145
1291 860561
1449 860979
1546 861401
1305 861826
1344 862250
1378 862677
1300 863107
1302 863540
1452 863975
1336 864410
1353 864848
1410 865289
1303 865732
1384 866179
1334 866628
1310 867077
1359 867524
1347 867975
1383 868428
1517 868884
1518 869344
1471 869806
2305 870267
1327 870727
1486 871186
1436 871649
1509 872114
1335 872582
1362 873052
1390 873526
1381 874002
1666 874481
1554 874959
1500 875437
1563 875913
1757 876389
1778 876864
1454 877341
1327 877821
1315 878305
1351 878790
1458 879279
1347 879767
1322 880253
1393 880743
1327 881232
1421 881723
1412 882217
1376 882714
1322 1018382
1327 1018884
1361 1019385
1585 1019886
1375 1020385
1354 1020888
1334 1021389
1327 1021893
1347 1022400
1591 1022909
1375 1023421
1405 1023936
1379 1024450
1364 1024966
1540 1025485
1675 1026007
1394 1026531
1379 1027058
1403 1027588
1524 1028120
1419 1028651
1395 1029181
1407 1029714
1379 1030250
1396 1030788
1411 1031328
1512 1031868
1395 1032407
1362 1032945
1416 1033485
1361 1034028
1449 1034574
1397 1035122
1408 1035672
1367 1036222
1544 1036771
1824 1037322
1436 1037876
1402 1038432
1385 1038991
1432 1039552
1404 1040116
1515 1040682
1410 1041251
1407 1041818
1434 1042389
1386 1042961
1459 1043537
1425 1044114
1410 1044694
1473 1045277
1396 1045858
1464 1046442
1481 1047025
1411 1047611
1425 1048199
1393 1048786
1387 1049375
1453 1049967
1449 1050561
1431 1051157
1397 1051753
1436 1052351
1421 1052951
1456 1053551
1436 1054152
1452 1054753
1395 1055353
1413 1055955
1432 1056560
1447 1057166
1448 1057776
1435 1058387
1436 1059001
1410 1059614
1506 1060226
1433 1060837
1438 1061447
1423 1062059
1413 1062674
1438 1063291
1483 1063910
1431 1064528
1460 1065149
1425 1065771
1443 1066393
1483 1067014
1470 1067637
1447 1068263
1443 1068890
1438 1069521
1460 1070150
1587 1070781
1471 1071414
1439 1072050
1445 1072688
1411 1811039
1505 1812498
1423 1813957
1392 1815415
1401 1816873
1384 1818333
1462 1819793
1411 1821251
1417 1822710
1414 1824166
1391 1825621
1435 1827076
1495 1828532
1409 1829989
1414 1831447
1409 1832906
1424 1834366
1472 1835827
1420 1837288
1462 1838751
1414 1840215
1434 1841676
1420 1843138
1473 1844601
1411 1846065
1424 1847527
1434 1848990
1428 1850453
1475 1851915
1435 1853377
1439 1854840
1455 1856304
1418 1857769
1453 1859232
1441 1860695
1468 1862160
1535 1863622
1449 1865085
1451 1866549
1467 1868014
1441 1869477
1474 1870937
1429 1872395
1435 1873854
1493 1875314
1520 1876775
1450 1878237
1442 1879700
1452 1881163
1496 1882625
1448 1884087
1474 1885547
1433 1887005
1453 1888463
1542 1889923
1478 1891380
1466 1892842
1456 1894304
1454 1895767
1477 1897231
1521 1898696
1496 1900162
1458 1901628
1566 1903096
1493 1904565
1736 1906034
1476 1907504
1466 1908975
1452 1910447
1508 1911920
1543 1913394
1512 1914869
1515 1916341
1524 1917814
1521 1919288
1802 1920763
1568 1922239
1504 1923716
1669 1925194
2797 1926672
1622 1928151
1631 1929628
1491 1931103
1657 1932579
1499 1934053
1513 1935527
1533 1937002
1517 1938475
1478 1939949
1552 1941424
1509 1942896
1501 1944367
1574 1945838
1556 1947310
1565 1948783
1532 1950254
1525 1951725
1517 1953198
1526 1954671
1646 1956142
1497 1957611
1569 1959081
1504 1960551
1520 1962020
1536 1963489
1525 1964956
1558 1966424
1566 1967893
1516 1969363
1550 1970830
1570 1972299
1525 1973768
1503 1975238
1598 1976706
1549 1978172
1611 1979639
1546 1981106
1574 1982575
1517 1984044
1667 1985514
1527 1986985
1542 1988456
1562 1989926
1577 1991396
1604 1992868
1574 1994337
1527 1995807
1534 1997278
1551 1998749
1618 2000219
1553 2001686
1662 2003151
1528 2004618
1662 2006084
1564 2007549
1645 2009015
1542 2010478
1615 2011943
1571 2013405
1737 2014868
1538 2016329
1558 2017791
1614 2019254
1616 2020717
1546 2022182
1582 2023647
1548 2025113
1563 2026583
1610 2028051
1577 2029516
1561 2030983
1666 2032447
1573 2033909
1624 2035372
1694 2036833
1671 2038295
1550 2039755
1643 2041216
1588 2042677
1597 2044139
1625 2045602
1729 2047063
1632 2048525
1589 2049985
1620 2051446
1620 2052907
1620 2054369
1941 2055833
1725 2057294
1682 2058753
1569 2060212
1765 2061673
1602 2063132
1718 2064591
1649 2066051
1585 2067512
1622 2068974
1707 2070434
1588 2071892
1623 2073350
1587 2074810
1712 2076270
1602 2077731
1640 2079190
1580 2080650
1676 2082111
1613 2083570
1643 2085029
1594 2086489
1605 2087950
1661 2089412
1615 2090872
1605 2092333
1643 2093795
1632 2095254
1684 2096714
1638 2098176
1620 2099635
1688 2101095
1753 2102555
1624 2104014
1689 2105474
1622 2106934
1635 2108395
1658 2109857
1647 2111320
1612 2112783
1689 2114248
1616 2115713
1682 2117179
1640 2118646
1662 2120113
1651 2121582
1668 2123051
1655 2124521
1665 2125989
1684 2127455
1679 2128921
1743 2130389
1777 2131857
1662 2133324
1677 2134791
1790 2136259
2362 2137727
1779 2139194
1850 2140659
1766 2142124
1922 2143588
1771 2145052
1684 2146517
1705 2147980
2010 2149444
1837 2150906
1695 2152369
1691 2153829
1758 2155291
1742 2156753
1702 2158219
1660 2159686
1724 2161156
1683 2162624
1769 2164093
1719 2165560
1711 2167028
1753 2168494
6699 2169958
4048 2171422
1752 2172885
1666 2174349
1804 2175810
1775 2177270
1758 2178730
1684 2180191
1739 2181653
1829 2183116
1797 2184579
1704 2186043
1712 2187508
1777 2188972
1869 2190435
1702 2191900
1707 2193365
1786 2194832
1830 2196299
1737 2197766
1726 2199235
1727 2200704
1855 2202171
1725 2203639
1723 2205106
1735 2206570
1880 2208035
1711 2209500
1855 2210964
1724 2212429
1804 2213892
2073 2215355
1842 2216816
1820 2218276
1759 2219736
1801 2221198
1820 2222657
2553 2224114
1750 2377512
1807 2378957
1843 2380403
1744 2381848
1849 2383290
1795 2384730
1775 2386171
1765 2387611
1760 2389048
1792 2390486
1903 2391925
1789 2393365
1773 2394806
1753 2396244
1874 2397681
1801 2399119
1767 2400557
1757 2401997
1944 2403437
1820 2404877
1770 2406319
1767 2407761
1817 2409204
1836 2410648
1779 2412090
1766 2413531
1899 2414972
2214 2416413
1793 2417856
1757 2419297
1918 2420736
2231 2422173
1777 2423610
1783 2425049
1864 2426488
1855 2427928
1857 2429369
1791 2430808
2647 2432248
1894 2433689
1865 2435130
1794 2436570
1794 2438007
1880 2439446
1769 2440885
1765 2442323
1754 2443761
1882 2445200
1814 2446640
1839 2448078
1770 2449516
1836 2450956
1961 2452396
1820 2453837
1784 2455279
1823 2456719
1893 2458157
1825 2459593
1802 2461028
1827 2462461
1816 2463894
1827 2465328
1840 2466763
1835 2468199
1862 2469636
1893 2471073
3064 2472511
1840 2473948
1852 2475385
1997 2476820
1838 2478256
1867 2479693
2093 2481130
2668 2482569
1837 2484008
1875 2485448
2755 2486888
1953 2488330
1864 2489772
1901 2491215
1845 2492656
1869 2494098
1804 2495540
1847 2496981
1842 2498423
1797 2499865
1833 2501308
1829 2502752
1979 2504196
1835 2505642
1815 2507085
1906 2508527
1841 2509969
1873 2511412
1813 2512854
1840 2514296
1920 2515739
2004 2517183
1891 2518625
1913 2520065
1931 2521506
1888 2522947
1830 2524390
1992 2525833
2037 2527277
2526 2528721
2329 2530167
1923 2531613
1850 2533059
1841 2534507
1851 2535955
1943 2537404
1893 2538851
1853 2540299
1899 2541748
1883 2543197
1852 2544648
1874 2546096
1877 2547545
1941 2548992
1981 2550441
1841 2551889
1983 2553336
1876 2554784
1896 2556233
1846 2557679
1924 2559127
1893 2560575
1872 2562024
1894 2563474
1868 2564924
1885 2566375
1878 2567827
1886 2569280
1916 2570730
1931 2572179
1930 2573629
1907 2575080
1884 2576531
1909 2577983
1914 2579433
1985 2580884
1877 2582335
1871 2583788
1893 2585238
1869 2586689
1886 2588139
1868 2589589
1907 2591038
1874 2592487
1888 2593937
1905 2595385
1954 2596834
1880 2598284
1888 2599734
1876 2601185
1963 2602637
1880 2604090
1907 2605543
1901 2606994
2168 2608444
1886 2609892
1940 2611341
1933 2612791
2021 2614241
1952 2615689
1908 2617136
2092 2618583
1998 2620032
1952 2621478
1922 2622923
2011 2624368
1942 2625814
1914 2627261
1902 2628707
1966 2630150
2026 2631594
1923 2633039
1961 2634485
2035 2635931
2137 2637378
1946 2638824
2071 2640270
2090 2641716
2004 2643164
2015 2644612
2024 2646061
2043 2647508
1960 2648956
1995 2650402
1942 2651847
2000 2653292
1983 2654735
1947 2656179
1932 2657622
2018 2659065
1986 2660509
1935 2661952
1968 2663397
2120 2664841
2022 2666285
1928 2667730
1954 2669176
2029 2670622
2096 2672069
1969 2673517
1990 2674966
2133 2676415
1980 2677863
1993 2679311
1999 2680760
2046 2682207
2010 2683655
1933 2685104
2023 2686553
1992 2688003
1957 2689454
1995 2690905
2006 2692357
2030 2693810
2081 2695263
2017 2696718
2118 2698172
2062 2699625
1983 2701079
2022 2702534
2019 2703989
2004 2705445
2001 2706901
1994 2708356
1979 2709809
1955 2711261
1959 2712713
2120 2714164
1996 2715615
1990 2717067
1996 2718517
2044 2719968
1986 2721420
1977 2722872
2008 2646173
2007 2647597
1998 2649019
1951 2650442
1966 2651863
1969 2653285
1980 2654708
1981 2656131
1963 2657553
2046 2658975
1977 2660399
1995 2661823
1970 2663247
2002 2664673
1998 2666099
2005 2667523
2038 2668948
2096 2670374
2009 2671798
1999 2673223
2132 2674646
2099 2676070
1993 2677493
1993 2678916
2156 2680340
2113 2681764
1993 2683187
2059 2684609
2498 2686031
2074 2687451
1996 2688870
2064 2690287
2039 2691705
2022 2693124
2005 2694543
2103 2695961
2988 2697378
2006 2698795
2061 2700210
2175 2701624
2010 2703038
2006 2704454
2277 2705870
2041 2707284
2005 2708697
2087 2710108
2044 2711520
2032 2712930
2007 2714341
2136 2715751
2104 2717159
2033 2718566
2011 2719973
2166 2721383
2089 2722794
2032 2724205
2019 2725617
2115 2727030
2059 2728444
2030 2729856
2188 2731269
2188 2732682
2075 2734096
2124 2735511
2062 2736927
2064 2738341
2033 2739755
2058 2741168
2093 2742580
2253 2743992
2282 2745405
2126 2746819
2264 2748233
2145 2749646
2032 2751060
2137 2752474
2035 2753886
2059 2755300
2011 2756712
2068 2758124
2181 2759537
2046 2760951
2098 2762366
2044 2763779
2058 2765190
2048 2766603
2091 2768013
2112 2769425
2021 2770837
2040 2772247
2087 2773658
2092 2775068
2023 2776478
2070 2777887
2115 2779297
2106 2780707
2037 2782116
2116 2783525
2086 2784933
2061 2786342
2048 2787751
2105 2789161
2100 2790572
2064 2791983
2151 2793395
2239 2794806
2232 2796217
2094 2797626
2155 2799037
2172 2800448
2103 2801859
2151 2803272
2177 2804683
2098 2806094
2137 2807507
2108 2808917
2119 2810327
2117 2811734
2089 2813141
2178 2814547
2146 2815955
2361 2817361
2157 2818768
2296 2820176
2122 2821582
2105 2822988
2195 2824396
2151 2825804
2123 2827212
2106 2828622
2270 2830030
2117 2831438
2115 2832847
2124 2834257
2226 2835668
2086 2837077
2095 2838485
2113 2839891
2213 2841298
2114 2842703
2134 2844109
2144 2845513
2086 2846919
2077 2848322
2129 2849727
2156 2851132
2116 2852538
2131 2853942
2268 2855347
2085 2856753
2100 2858159
2213 2859566
2336 2860971
2084 2862375
2429 2863780
2123 2865186
2227 2866589
2056 2867994
2491 2869397
2097 2870801
2132 2872205
2124 2873609
2158 2875012
2080 2876417
2175 2877822
2368 2879227
2364 2880634
2309 2882041
2671 2883448
2174 2884857
2180 2886266
2126 2887673
2200 2889081
2144 2890490
2175 2891898
2148 2893306
2186 2894714
2159 2896122
2161 2897530
2201 2898938
2192 2900347
2149 2901755
2255 2903164
2191 2904571
2178 2905978
2136 2907385
2210 2908789
2245 2910197
2145 2911605
2211 2913014
2245 2914424
2244 2915834
2161 2917245
2330 2918656
2191 2920066
2180 2921477
2232 2922888
2195 2924298
2151 2925708
2153 2927120
2232 2928531
2190 2929944
2187 2931355
2203 2932767
2388 2934179
2159 2935592
2148 2937003
2275 2938416
2199 2939826
2172 2941238
2231 2942650
2202 2944060
2200 2945472
2180 2946884
2241 2948296
2181 2949709
2238 2951123
2454 2949004
2363 2950437
2292 2951871
2332 2953306
2322 2954739
2236 2956171
2292 2957603
2673 2959036
2206 2960468
2263 2961900
2498 2963332
2363 2964764
2233 2966194
2469 2967624
2387 2969053
2251 2970483
2287 2971913
2376 2973344
2236 2974776
2235 2976208
2259 2977641
2307 2979072
2235 2980502
2311 2981932
2273 2983363
2241 2984795
2245 2986226
2442 2987656
2249 2989086
2282 2990516
2298 2991945
2270 2993374
2234 2994804
2371 2996235
2260 2997666
2233 2999096
2251 3000524
2382 3001953
2250 3003380
2287 3004809
2348 3006235
2341 3007663
2253 3009091
2508 3010519
2307 3011948
2294 3013378
2336 3014809
2401 3016238
2264 3017665
2324 3019093
2372 3020520
2324 3021948
2316 3023376
2303 3024802
2426 3026229
2476 3027657
2506 3029086
2345 3030515
2419 3031942
2404 3033369
2394 3034796
2385 3036223
2389 3037651
2462 3039080
2717 3040509
2304 3041937
2358 3043365
2778 3044794
2295 3046224
2368 3047652
2391 3049079
2274 3050507
2335 3051935
2381 3053364
2267 3054793
2304 3056221
2305 3057650
2798 3059079
2562 3060508
2629 3061939
2471 3063370
2679 3064801
2348 3066233
2335 3067664
2352 3069096
2416 3070527
2680 3071960
2289 3073391
2368 3074821
2295 3076251
2292 3077682
2495 3079114
2360 3080546
2290 3081977
2623 3083406
2345 3084836
2326 3086267
2391 3087698
2369 3089130
2292 3090560
2394 3091991
2356 3093425
2400 3094859
2371 3096293
2417 3097729
2329 3099165
2402 3100599
2403 3102032
2505 3103466
2357 3104898
2436 3106331
2438 3107765
2426 3109199
2368 3110632
2475 3112063
2360 3113495
2373 3114926
2403 3116357
2439 3117789
2315 3119219
2394 3120650
2342 3122082
2339 3123514
2355 3124947
2383 3126378
2342 3127810
2385 3129241
2350 3130670
2346 3132100
2330 3133529
2458 3134958
2320 3136387
2466 3137818
2369 3139247
2456 3140674
2294 3142102
2746 3143529
2348 3144956
2351 3146384
2371 3147813
2353 3149242
2302 3150672
2587 3152102
2419 3153533
2324 3154965
2336 3156397
2656 3157829
2486 3159263
3057 3160696
2508 3162129
2531 3163560
2460 3164990
2402 3166418
2361 3167847
2429 3169277
2415 3170707
2358 3172136
2416 3173565
2489 3174993
2391 3176420
2467 3177847
2409 3179275
2435 3180704
2400 3182133
2407 3183562
2415 3184992
2425 3186423
2417 3187853
2401 3189283
2453 3190711
2391 3192141
2468 3193569
2435 3194995
2380 3196422
2457 3197850
2446 3199278
2397 3200706
2586 3202133
2429 3203561
2384 3204988
2434 3206416
2447 3207844
2410 3209272
2461 3210701
2450 3212129
2398 3213557
2438 3214986
2446 3216414
2425 3217842
2417 3219271
2568 3220699
2403 3222127
2470 3200238
2532 3201706
2497 3203175
2889 3204642
2601 3206110
2470 3207578
2496 3209047
2622 3210516
2498 3211984
2501 3213453
2668 3214922
2474 3216390
2516 3217858
2983 3219327
2596 3220796
2467 3222266
2461 3223736
2501 3225205
2475 3226675
2592 3228143
2445 3229612
2497 3231081
2489 3232551
2585 3234021
2458 3235492
2537 3236963
2495 3238435
2486 3239908
2497 3241381
2512 3242854
2484 3244328
2515 3245803
2499 3247276
2530 3248749
2524 3250222
2494 3251695
2465 3253166
2770 3254638
2491 3256111
2515 3257584
2586 3259056
2617 3260526
2535 3261997
2612 3263469
2504 3264939
2562 3266408
2533 3267877
2503 3269347
2544 3270817
2637 3272288
2568 3273758
2527 3275228
2535 3276699
2534 3278168
2591 3279638
2626 3281106
2953 3282575
2620 3284045
2598 3285515
2663 3286984
2690 3288453
2765 3289923
2565 3291393
2664 3292864
2646 3294333
2538 3295802
2732 3297269
2594 3298736
2523 3300204
2660 3301671
2556 3303138
2546 3304605
2593 3306072
2528 3307537
2619 3309002
2806 3310467
2620 3311931
2618 3313397
3053 3314863
2548 3316327
2813 3317792
2656 3319256
2543 3320720
2845 3322183
2595 3323647
2552 3325111
2808 3326575
2595 3328038
2609 3329500
2615 3330963
2584 3332426
2619 3333889
2694 3335353
2617 3336816
2635 3338279
2719 3339741
2580 3341204
2660 3342666
2866 3344130
2600 3345594
2679 3347058
2687 3348523
2623 3349987
2766 3351451
2786 3352916
2614 3354380
2880 3355842
2735 3357303
2631 3358764
2627 3360226
2640 3361689
2581 3363152
2696 3364613
2604 3366076
2613 3367538
2708 3369001
2597 3370465
2633 3371928
2734 3373389
2638 3374851
3165 3376313
2666 3377775
2603 3379237
2739 3380699
2628 3382161
2615 3383624
2913 3385086
2638 3386548
2994 3388009
2798 3389471
2584 3390933
2931 3392393
2841 3393854
2630 3395314
2710 3396775
2639 3398236
2609 3399697
2634 3401159
2612 3402620
2640 3404081
2638 3405541
2700 3407001
2692 3408462
2880 3409922
2751 3411381
2703 3412840
2725 3414297
2648 3415754
2669 3417209
2715 3418665
2619 3420121
2718 3421578
2704 3423035
2622 3424491
2822 3425947
2683 3427404
2663 3428860
2718 3430316
2698 3431773
2641 3433229
2716 3434685
2686 3436139
2663 3437595
3522 3439050
2725 3440507
2883 3441963
2724 3443421
2631 3444879
2853 3446335
2681 3447792
2681 3449250
2778 3450708
2646 3452166
2720 3453624
2893 1692690
2694 1693809
2798 1694930
3152 1696049
3066 1697170
2835 1833457
2771 1834577
2781 1835698
2787 1836820
2806 1837940
2717 1839062
2826 1840182
2782 1841304
2736 1842424
2833 1843545
2841 1844667
2776 1845790
2771 1846912
2697 1848035
2718 1849156
2790 1850279
2727 1851402
2753 1852524
2771 1853647
2718 1854769
2871 1855892
2755 1857014
2711 1858137
3056 1859260
2833 1860383
2752 1861506
2921 1862628
2726 1863752
2755 1864876
2778 1866000
2740 1867126
2941 1868252
2767 1869379
2760 1870507
2796 1871635
2836 1872765
2797 1873895
2919 1875026
2785 1876155
2780 1877286
3112 1878416
2941 1879545
2812 1880674
2896 1881803
2986 1882932
3007 1884062
3022 1885193
2980 1886325
2939 1887457
3724 1888589
2801 1889721
2855 1890854
2769 1891988
2832 1893121
3454 1894254
2790 1895389
2869 1896524
2813 1897660
2768 1898796
2965 1899934
2806 1901072
2868 1902211
2819 1903350
2766 1904489
3042 1905628
2809 1906767
2775 1907906
3053 1909046
2820 1910187
2828 1911328
3335 1912471
2837 1913614
3082 1914757
2926 1915902
2821 1917045
3239 1918190
2907 1919333
2874 1920475
3149 1921618
2850 1922762
2898 1923907
2819 1925052
2881 1926198
3008 1927345
2852 1928491
3046 1929636
3155 1930782
2825 1931927
2850 1933070
2829 1934215
3356 1935360
2894 1936506
2844 1937653
2867 1938799
3013 1939946
2875 1941093
2880 1942239
2873 1943386
2922 1944533
2896 1945679
2947 1946825
2833 1947972
2995 1949118
2889 1950263
2834 1951408
2956 1952555
2869 1953702
2841 1954850
2997 1955998
2802 1957146
3113 1958292
3123 1959440
2928 1960588
3001 1961737
2879 1962885
3307 1964035
2965 1965186
2849 1966338
3064 1967488
2967 1968638
3028 1969789
2972 1970940
2920 1972092
2857 1973245
2960 1974399
2847 1975553
2946 1976708
2930 1977863
2840 1979020
3135 1980175
2934 1981331
2855 1982488
2988 1983646
2876 1984804
2885 1985961
2906 1987118
2905 1988275
3071 1989433
3015 1990592
2848 1991751
2958 1992911
2831 1994070
2851 1995230
2862 1996389
2837 1997547
2896 1998704
2841 1999861
2837 2001020
2994 2002179
2879 2003339
2842 2004499
2906 2005659
2861 2006819
2944 2007980
2916 2009142
2905 2010303
2967 2011464
2887 2012627
2985 2013790
3138 3971041
2918 3972493
3035 3973947
3037 3975399
2894 3976852
2967 3978305
2905 3979758
2893 3981213
2920 3982667
2877 3984122
2974 3985578
2971 3987034
2903 3988488
2936 3989944
2901 3991398
2889 3992852
2949 3994306
2905 3995760
3062 3997214
3024 3998669
2936 4000124
3113 4001580
2934 4003035
3016 4004488
3148 4005942
2917 4007397
3079 4008852
2940 4010305
2976 4011760
2948 4013214
2949 4014669
3160 4016123
3065 4017578
3040 4019033
3148 4020487
2964 4021941
3355 4023396
3033 4024851
3089 4026307
3103 4027763
2995 4029219
3065 4030675
3051 4032131
3118 4033587
3089 4035044
3045 4036500
3088 4037956
3429 4039412
3168 4040868
3053 4042324
2928 4043780
2993 4045236
3068 4046690
3394 4048144
3474 4049599
2973 4051055
2950 4052511
3156 4053967
3105 4055424
3198 4056882
2980 4058339
3101 4059798
2991 4061257
3120 4062716
3073 4064175
2966 4065636
3217 4067094
2997 4068554
3041 4070012
3066 4071471
2986 4072930
3108 4074388
2970 4075845
3059 4077303
2987 4078759
2985 4080216
3098 4081671
2967 4083126
3012 4084581
2991 4086036
2993 4087492
3162 4088949
3061 4090405
3007 4091863
3007 4093320
3008 4094778
3112 4096237
3038 4097695
2966 4099152
3144 4100609
3522 4102067
3092 4103523
3160 4104979
3103 4106436
3064 4107894
3006 4109350
3207 4110807
3022 4112263
3057 4113719
3278 4115176
3108 4116633
3243 4118089
3070 4119547
3036 4121004
3142 4122461
3044 4123917
3208 4125374
3112 4126830
3218 4128286
3183 4129744
2999 4131202
3167 4132661
3008 4134120
3056 4135580
3324 4137039
3113 4138498
3201 4139956
3056 4141415
3013 4142872
3133 4144328
3067 4145785
3208 4147242
3054 4148698
3072 4150155
3036 4151612
3017 4153069
3189 4154527
3033 4155985
3106 4157444
3102 4158903
3020 4160363
3096 4161822
3033 4163279
3043 4164737
3083 4166194
3033 4167651
3089 4169109
3056 4170567
3055 4172024
3135 4173481
3027 4174939
3217 4176396
3051 4177853
3148 4179311
3104 4180769
3078 4182226
3145 4183684
3044 4185142
3091 4186600
3060 4188059
3105 4189518
3318 2423668
3103 2424874
3099 2426081
3084 2427289
3070 2428497
3184 2429704
3069 2430912
3099 2432120
3173 2433328
3054 2434536
3154 2435743
3129 2436951
3102 2438160
3098 2439369
3075 2440579
3241 2441789
3101 2442999
3095 2444209
3186 2445418
3094 2446628
3290 2447839
3114 2449050
3084 2450261
3163 2451474
3105 2452687
3271 2453900
3194 2455115
3144 2456328
3142 2457542
3094 2458755
3153 2459967
3163 2461180
3126 2462392
3134 2463603
3114 2464814
3208 2466026
3131 2467239
3142 2468453
3237 2469667
3141 2470881
3270 2472095
3326 2473309
3080 2474524
3142 2475740
3118 2476956
3157 2478173
3226 2479391
3137 2480607
3163 2481824
3258 2483042
3142 2484260
3206 2485479
3111 2486698
3332 2487916
3224 2489134
3358 2490352
3184 2491571
3123 2492791
3199 2494011
3120 2495231
3241 2496449
3150 2497668
3144 2498888
3231 2500108
3157 2501329
3342 2502551
3154 2503771
3190 2504992
3284 2506214
3175 2507437
3386 2508660
3190 2509882
3297 2511103
3242 2512325
3301 2513547
3258 2514769
3256 2515991
3426 2517214
3443 2518437
3181 2519661
3179 2520886
3240 2522111
3592 2523335
3192 2524560
3290 2525784
3212 2527008
3197 2528232
3260 2529456
3273 2530681
3251 2531907
3848 2533133
3228 2534359
3298 2535588
3173 2536816
3404 2538043
3201 2539271
3223 2540499
3232 2541727
3247 2542957
3538 2544187
3226 2545417
3673 2546648
3235 2547880
3239 2549111
3245 2550342
3201 2551574
3406 2552807
3291 2554040
3420 2555274
3218 2556508
3255 2557743
3633 2558978
3423 2560215
3384 2561451
3342 2562688
3361 2563926
3247 2565165
3244 2566402
3640 2567640
3219 2568879
3621 2570118
3267 2571358
3453 2572599
3405 2573840
3269 2575080
3296 2576319
3248 2577559
3470 2578799
3274 2580040
3281 2581282
3345 2582522
3273 2583764
3370 2585004
3290 2586245
3640 2587486
3289 2588728
3246 2589970
3250 2591211
3231 2592454
3420 2593697
3195 2594940
3460 2596183
3281 2597426
3283 2598670
3328 2599914
3331 2601157
3401 4342023
3255 4343469
3320 4344915
3301 4346361
3430 4347807
3350 4349251
3322 4350696
3501 4352142
3227 4353588
3317 4355032
3332 4356476
3209 4357920
3266 4359365
3216 4360810
3258 4362254
3196 4363698
3249 4365143
3257 4366587
3198 4368031
3267 4369476
3200 4370921
3312 4372367
3220 4373813
3298 4375259
3267 4376705
3306 4378149
3262 4379594
3250 4381038
3328 4382482
3224 4383926
3331 4385371
3264 4386816
3246 4388260
3295 4389703
3240 4391147
3472 4392592
3230 4394036
3286 4395481
3308 4396927
3227 4398373
3255 4399819
3306 4401266
3658 4402712
3388 4404158
3616 4405605
3334 4407052
3646 4408500
3849 4409947
3557 4411394
3432 4412840
3597 4414287
3411 4415733
3649 4417180
3441 4418628
4093 4420075
3304 4421522
3461 4422969
3382 4424415
3415 4425862
3412 4427309
3350 4428757
3450 4430205
3273 4431654
3581 4433103
3340 4434550
3531 4435999
3402 4437448
3424 4438897
3488 4440346
3429 4441796
3657 4443247
3340 4444697
3913 4446147
3374 4447597
3623 4449048
3305 4450499
3551 4451951
3466 4453401
3378 4454852
3447 4456302
3365 4457751
3476 4459200
3433 4460648
3560 4462095
3367 4463543
3447 4464990
3382 4466435
3380 4467882
3447 4469327
3358 4470771
3466 4472214
3313 4473657
3646 4475101
3322 4476546
3443 4477989
3403 4479433
3470 4480876
3408 4482318
3443 4483760
3563 4485201
3810 4486643
3772 4488083
3592 4489524
3544 4490966
3355 4492406
3376 4493847
3331 4495289
3334 4496730
3391 4498171
3379 4499612
3356 4501054
3346 4502496
3921 4503938
3359 4505381
3679 4506823
3355 4508265
3750 4509708
3460 4511151
3408 4512595
3385 4514039
3393 4515483
3467 4516928
3352 4518371
3651 4519816
3492 4521259
3771 4522701
3452 4524144
3929 4525587
3451 4527030
3503 4528474
3622 4529918
3629 4531363
3613 4532808
3606 4534253
3544 4401111
3395 4402566
3498 4404023
3392 4405479
3462 4406936
3370 4408394
3439 4409852
3449 4411310
3421 4412768
3454 4414227
3398 4415685
4154 4417143
3575 4418599
3425 4420055
3371 4421511
3444 4422966
3408 4424423
3426 4425879
3420 4427336
3412 4428793
3448 4430249
3406 4431705
3485 4433161
3397 4434617
3487 4436072
3419 4437528
3494 4438983
3432 4440438
3478 4441893
3502 4443348
3397 4444803
3433 4446257
3533 4447711
3446 4449165
3458 4450619
3525 4452073
3428 4453527
3545 4454981
3544 4456434
3421 4457887
3512 4459339
3451 4460791
3452 4462244
3375 4463698
3477 4465150
3403 4466603
3525 4468056
3392 4469508
3558 4470960
3452 4472413
3464 4473867
3453 4475321
3442 4476773
3503 4478226
3481 4479679
3555 4481131
3557 4482584
3654 4484038
3442 4485491
3525 4486946
3441 4488400
3615 4489855
3465 4491310
3469 4492766
3427 4494222
3515 4495679
3534 4497136
3507 4498593
3483 4500051
3494 4501509
3556 4502967
3514 4504426
3589 4505884
3488 4507343
4424 4508801
3481 4510259
3550 4511717
3484 4513174
3501 4514632
3555 4516090
3460 4517548
3476 4519005
3420 4520463
3543 4521921
3448 4523380
3596 4524839
3434 4526298
3679 4527758
3495 4529217
3650 4530674
3693 4532133
3733 4533591
3622 4535050
3664 4536509
3552 4537969
3618 4539429
3662 4540888
3613 4542348
3557 4543808
4075 4545268
3672 4546729
3441 4548190
3796 4549651
4496 4551112
3635 4552573
3517 4554034
3474 4555496
3495 4556958
3681 4558420
3508 4559882
3701 4561343
3501 4562804
3697 4564264
3503 4565725
3533 4567184
3510 4568644
3510 4570104
3641 4571564
3784 4573025
3513 4574485
3505 4575944
3548 4577404
3604 4578863
3552 4580324
3483 4581783
3509 4583242
3564 4584702
3604 4586163
3514 4587623
3696 4341485
3542 4342937
3627 4344389
3581 4345841
3543 4347292
3582 4348744
3575 4350196
3599 4351647
3543 4353097
3578 4354546
3530 4355996
3644 4357446
3549 4358896
3643 4360346
3628 4361794
3630 4363242
3549 4364689
3613 4366136
3574 4367583
3591 4369031
3595 4370479
3592 4371928
3555 4373377
3560 4374825
3633 4376273
3560 4377722
3564 4379171
3554 4380619
3654 4382068
3571 4383517
3667 4384965
3564 4386414
3673 4387861
3557 4389309
3622 4390758
3608 4392205
3677 4393651
3647 4395097
3585 4396543
3652 4397989
3648 4399436
3664 4400882
3568 4402328
3620 4403773
3592 4405219
3733 4406663
3591 4408107
3751 4409550
3627 4410993
3794 4412435
3574 4413878
3663 4415321
3559 4416765
3706 4418209
3611 4419653
3624 4421096
3585 4422540
3622 4423984
3641 4425428
3655 4426873
3630 4428317
3609 4429760
3637 4431204
3698 4432647
3713 4434090
3627 4435532
3715 4436975
3625 4438416
3820 4439856
3620 4441297
3768 4442739
3676 4444180
3787 4445622
3671 4447063
3768 4448505
3635 4449947
3676 4451389
3789 4452832
3763 4454275
3723 4455717
3743 4457158
3803 4458599
3789 4460039
3793 4461480
3768 4462921
3742 4464360
3830 4465799
3723 4467239
3773 4468680
3739 4470119
3696 4471559
3722 4473000
3719 4474440
3723 4475880
4051 4477320
3717 4478761
4008 4480200
3668 4481640
3642 4483081
3715 4484520
3702 4485959
3655 4487397
3654 4488836
3706 4490273
3716 4491710
3691 4493147
3730 4494582
3731 4496019
3667 4497455
3761 4498892
3720 4500329
3752 4501766
3665 4503201
3743 4504636
3778 4506070
3717 4507506
3661 4508941
3706 4510378
3643 4511814
3769 4513251
3694 4514688
3707 4516126
3683 4517562
3689 4518998
3647 4520434
3727 4521871
3670 4210079
3683 4211536
3694 4212994
3713 4214450
3682 4215906
3758 4217362
3716 4218818
3673 4220275
3820 4221732
3664 4223188
3833 4224645
3701 4226101
3739 4227557
3771 4229013
3909 4230470
5318 4231926
3837 4233382
3710 4234839
4227 4236294
3765 4237751
4349 4239207
3810 4240663
3826 4242119
3740 4243575
3930 4245031
3721 4246488
3783 4247946
3714 4249404
3749 4250860
3693 4252318
3698 4253775
3686 4255233
3764 4256690
3712 4258148
4097 4259605
3725 4261064
3772 4262522
3759 4263981
3974 4265440
3725 4266900
3728 4268360
3727 4269820
3770 4271280
3777 4272738
3811 4274196
3731 4275654
3820 4277112
3882 4278571
3800 4280030
3815 4281488
3812 4282947
3726 4284405
3841 4285865
3793 4287324
4014 4288783
3753 4290241
3890 4291699
3771 4293158
3987 4294617
3769 4296076
3909 4297534
3763 4298993
3779 4300452
3805 4301912
3829 4303371
3814 4304830
3811 4306288
3832 4307746
3934 4309203
3845 4310661
3917 4312119
3937 4313577
3805 4315034
3900 4316492
3793 4317951
3825 4319410
3870 4320869
3827 4322327
3886 4323786
3875 4325244
3856 4326704
3795 4328162
3875 4329620
3782 4331078
3929 4332536
3872 4333993
3812 4335450
3842 4336907
3832 4338363
3910 4339819
3848 4341276
3966 4342732
3907 4344188
3864 4345644
3791 4347101
3947 4348557
3856 4350012
3889 4351468
3819 4352924
3824 4354380
3780 4355835
3821 4357291
3786 4358747
3831 4360203
3876 4361660
3834 4363117
3782 4364573
3821 4366030
3947 4367487
3851 4368944
3917 4370402
3864 4371860
3902 4373318
3866 4374777
3830 4376236
3877 4377695
3846 4379154
3952 4380613
3801 4382072
3987 5046286
3776 5047734
3866 5049181
3797 5050629
3950 5052075
3857 5053522
3900 5054969
3879 5056416
3945 5057862
3900 5059308
3970 5060753
3840 5062198
4054 5063644
3889 5065089
4027 5066534
3835 5067979
6959 5069423
3829 5070867
3958 5072311
3813 5073755
4006 5075197
3817 5076640
3905 5078082
3789 5079524
4023 5080967
3817 5082410
3883 5083852
3813 5085295
3896 5086736
3845 5088179
3858 5089620
3851 5091061
3987 5092503
3831 5093944
3912 5095386
3851 5096827
3912 5098270
3775 5099711
3890 5101151
3818 5102592
3951 5104033
3829 5105475
3851 5106915
3836 5108356
3937 5109798
3836 5111238
3937 5112679
3829 5114120
3931 5115561
3839 5117002
3982 5118443
3843 5119884
3866 5121326
3846 5122768
3878 5124211
3873 5125654
3826 5127096
3966 5128538
3952 5129981
4019 5131423
3881 5132865
3911 5134306
3909 5135748
4035 5137190
3941 5138633
3948 5140076
3950 5141519
3856 5142964
3858 5144408
3987 5145851
3886 5147293
3927 5148735
3880 5150178
3924 5151622
3838 5153065
3951 5154509
3837 5155954
4023 5157397
3872 5158840
4135 5160283
3869 5161725
4281 5163166
3857 5164608
4040 5166050
3865 5167492
4057 5168935
3907 5170378
4051 5171822
4117 5173266
3949 5174708
3896 5176152
3898 5177595
3944 5179039
4301 5180484
4009 5181929
3929 5183372
3960 5184817
3926 5186261
3983 5187705
3927 5189148
3984 5190591
3957 5192035
4078 5193479
3861 5194922
4145 5196365
3892 5197809
3937 5199253
3929 5200698
3817 5202143
4407 5203587
3903 5205030
3960 5206472
3923 5207914
3976 5209356
3901 5210797
5033 4433088
4571 4434489
5673 4435890
5125 4437291
4482 4438693
4437 4440093
4094 4441493
3960 4442893
3878 4444294
4032 4445694
4101 4447094
4522 4448493
4867 4449892
4121 4451289
3893 4452687
4050 4454085
3885 4455481
4173 4456878
3961 4458275
4151 4459673
3954 4461071
4060 4462469
3902 4463868
4126 4465267
3977 4466665
4036 4468064
3963 4469463
4072 4470861
4533 4472260
4079 4473658
4026 4475057
3946 4476454
4027 4477851
4037 4479248
4066 4480645
3940 4482042
4023 4483441
4049 4484839
4315 4486237
3929 4487635
4063 4489032
3886 4490429
4082 4491826
3998 4493222
4436 4494617
3940 4496013
5697 4497408
4743 4498801
4010 4500195
5434 4501588
4023 4502981
4273 4504374
4019 4505767
4044 4507160
4056 4508553
4109 4509946
4015 4511340
3950 4512734
4156 4514128
3951 4515520
4062 4516913
4069 4518307
4154 4519700
4041 4521094
4109 4522489
3979 4523882
4118 4525276
3996 4526670
4838 4528062
4267 4529454
4006 4530846
4228 4532237
4091 4533627
4296 4535018
3987 4536408
4363 4537799
3972 4539189
4149 4540579
3987 4541970
4022 4543360
4021 4544750
4127 4546140
4055 4547531
4018 4548921
4182 4550311
3986 4551702
3985 4553093
3978 4554484
4020 4555876
4018 4557268
4098 4558659
4040 4560051
4243 4561443
3942 4562836
4102 4564228
3937 4565622
4122 4567014
4012 4568407
4104 4569800
3975 4571193
4044 4572586
4046 4573980
3991 4575375
4036 4576770
4009 4578164
4193 4579559
4039 4580952
4172 4582347
4019 4583740
4119 4585134
4032 4586528
4184 5042749
4019 5044199
4201 5045650
4140 5047101
4104 5048551
4373 5050000
4163 5051448
4107 5052897
4084 5054346
4156 5055795
4078 5057245
4282 5058695
4164 5060146
4411 5061596
4104 5063048
4093 5064499
4220 5201119
4106 5202571
4215 5204022
4037 5205474
4261 5206924
4059 5208376
4168 5209826
4057 5211277
4178 5212728
4100 5214179
4198 5215631
4150 5217082
4045 5218535
4099 5219987
4074 5221440
4206 5222894
4004 5224346
4142 5225798
4072 5227250
4223 5228702
4085 5230155
4182 5231608
4085 5233061
4100 5234515
4100 5235969
4056 5237423
4106 5238878
4078 5240333
4330 5241787
4044 5243242
4255 5244697
4151 5246151
4171 5247604
4138 5249058
4080 5250512
4198 5251965
4095 5253417
4167 5254868
4079 5256320
4155 5257772
4063 5259224
4246 5260674
4075 5262125
4193 5263575
4097 5265024
4133 5266473
4103 5267922
4114 5269371
4147 5270820
4060 5272269
4163 5273718
4075 5275167
4198 5276617
4114 5278067
4318 5279517
4084 5280967
4248 5282416
4189 5283867
4208 5285317
4253 5286768
4131 5288218
4238 5289668
4097 5291119
4192 5292570
4117 5294021
4175 5295473
4121 5296924
4162 5298375
4352 5299827
4155 5301278
4161 5302731
4106 5304182
4221 5305634
4146 5307086
4445 5308537
4113 5309988
4223 5311437
4145 5312886
4139 5314335
4288 5315785
4093 5317235
4212 5318684
4077 5320132
4226 5321580
4067 5323029
4224 5324479
4178 5325928
4196 5327378
4270 5328827
4169 5330275
4284 5331724
4572 5333172
4373 5334619
4360 5336066
4323 5714822
4314 5716270
4244 5717718
4569 5719166
4210 5720614
4880 5722062
4262 5723511
4257 5724959
4314 5726409
4142 5727858
4287 5729307
4168 5730756
4382 5732205
4197 5733654
4353 5735104
4291 5736553
4269 5738003
5313 5739453
4172 5740903
4354 5742353
4225 5743804
4361 5745255
4277 5746706
4310 5748158
4311 5749610
4230 5751063
4262 5752515
4231 5753968
4288 5755422
4292 5756875
4287 5758328
4327 5759781
4261 5761235
4447 5762689
4232 5764143
4339 5765597
4352 5767051
4302 5768504
4447 5769957
4181 5771410
4375 5772862
4186 5774314
4290 5775767
4299 5777219
4192 5778671
4315 5780123
4259 5781575
4328 5783025
4634 5784475
4323 5785925
4298 5787375
4847 5788823
4498 5790272
4290 5791720
4613 5793169
4240 5794618
4259 5796067
4202 5797516
4371 5798966
4310 5800416
4217 5801866
4330 5803317
4178 5804767
4383 5806216
4243 5807665
4363 5809115
4285 5810565
4219 5812016
4357 5813466
4312 5814918
4744 5816369
4429 5817821
4530 5819273
4446 5820724
4969 5822174
4423 5823625
4291 5825076
4329 5826527
4359 5827977
4391 5829428
4463 5830880
4279 5832330
4403 5833780
4268 5835230
4364 5836680
4391 5838131
4292 5839582
4534 5841032
4251 5842483
4537 5843934
4316 5845384
4305 5846834
4343 5848285
4290 5849736
4357 5851187
4329 5852639
4876 5854090
4382 5855540
4793 5856989
4552 5858439
4327 5859889
4649 5861338
4350 5862788
5434 5864238
4432 5761641
4273 5763125
4432 5764609
4296 5766093
4392 5767576
4340 5769059
4265 5770541
4484 5772023
4302 5773504
4519 5774986
4298 5776468
4365 5777950
4435 5779433
4292 5780914
4466 5782397
4301 5783879
4859 5785361
4471 5786841
4506 5788321
4582 5789802
4335 5791282
4386 5792762
4427 5794242
4371 5795723
4467 5797203
4379 5798683
4568 5800164
4369 5801644
5195 5803125
5833 5804606
4322 5806087
5434 5807567
4558 5809048
4793 5810529
4865 5812010
4375 5813490
4442 5814970
4490 5816450
4336 5817931
4520 5819411
4498 5820893
4593 5822373
4645 5823854
4456 5825334
4503 5826813
4427 5828292
4491 5829772
4528 5831251
4368 5832730
4415 5834209
4374 5835688
4463 5837166
4357 5838644
4391 5840123
4423 5841601
4341 5843079
4503 5844557
4318 5846036
4399 5847515
4450 5848993
4330 5850472
4434 5851951
4368 5853430
4499 5854909
4650 5856389
4534 5857868
4559 5859346
4514 5860825
5015 5862304
4543 5863782
4503 5865260
4485 5866739
4464 5868217
4821 5869697
4549 5871176
4413 5872656
4519 5874136
4538 5875617
4567 5877096
4433 5878576
4413 5880056
4545 5881537
4419 5883017
4694 5884497
4598 5885977
4555 5887457
4649 5888935
4396 5890415
4519 5891894
4453 5893374
4458 5894854
4520 5896334
4464 5897813
4585 5899293
4421 5900773
4441 5902254
4460 5903733
4401 5905213
4511 5906694
4422 5908173
4471 5909653
4451 5911133
4510 5419038
4550 5420471
4419 5421902
4540 5423334
4394 5424766
4472 5426196
4488 5427627
4410 5429058
4532 5430490
4451 5431921
4512 5433354
4453 5434786
4455 5436218
4564 5437650
4406 5439081
4636 5440513
4468 5441943
4479 5443375
4589 5444805
4428 5446235
4534 5447665
4516 5449094
4906 5450524
4589 5451954
4960 5453383
4979 5454812
4516 5456241
5065 5457670
4767 5459099
10494 5460530
4546 5461961
4707 5463392
4537 5464821
4538 5466250
4861 5467679
4609 5469109
4936 5470539
4639 5471969
4546 5473399
4595 5474830
4459 5476261
4678 5477693
4584 5479123
4526 5480554
4694 5481986
4574 5483416
4667 5484846
4676 5486276
4568 5487707
4589 5489138
4544 5490569
4622 5492000
4502 5493432
4544 5494864
4630 5496295
4524 5497727
4646 5499159
4461 5500590
4571 5502021
4588 5503451
4513 5504883
4704 5506314
4517 5507746
4722 5509177
4582 5510608
4562 5512040
4747 5513472
4576 5514904
4591 5516337
4607 5517770
4554 5519202
4825 5520634
4580 5522067
4639 5523500
4765 5524933
4983 5526365
4991 5527798
4569 5529232
4540 5530665
4642 5532099
4540 5533534
4766 5534968
4570 5536404
4800 5537840
4863 5539276
4572 5540712
4737 5542148
4664 5543584
4765 5545021
4713 5546458
4554 5547895
4681 5549332
4733 5550769
4565 5552205
4772 5553642
4603 5555078
4693 5556516
4644 5557953
4617 5559390
4693 5560827
4533 6020367
4667 6021804
4547 6023240
4535 6024677
4622 6026113
4487 6027549
4654 6028985
4598 6030420
4505 6031856
4631 6033291
4526 6034726
4794 6036161
4535 6037596
4533 6039032
4700 6040467
4533 6041903
4794 6043339
4684 6044776
4663 6046213
4956 6047650
4517 6049086
4701 6050523
4806 6051959
4517 6053396
4867 6054832
4511 6056268
4801 6057704
4694 6059141
4580 6060578
4703 6062015
4827 6063452
5399 6064889
4865 6066326
4618 6067763
4559 6069200
4713 6070637
4586 6072073
4713 6073510
4709 6074947
4615 6076384
4700 6077821
4585 6079259
4645 6080697
4728 6082135
4601 6083573
4801 6085011
5635 6086449
5033 6087887
4879 6089325
5895 6090762
4635 6092199
4994 6093636
4612 6095073
5101 6096510
4965 6097948
4595 6099386
5144 6100824
4708 6102262
4606 6103700
4841 6105138
4602 6106577
4734 6108016
4752 6109455
4620 6110894
4758 6112334
4768 6113773
4610 6115214
4713 6116653
4728 6118093
4919 6119533
4861 6120973
4618 6122412
5227 6123851
4955 6125291
4904 6126729
5084 6128168
4701 6129607
4666 6131046
5105 6132483
4673 6133921
5161 6135358
5247 6136796
4647 6138234
4773 6139672
4739 6141110
4605 6142548
4800 6143986
4637 6145425
4624 6146864
4722 6148304
4555 6149744
4780 6151184
4652 6152624
4583 6154063
4716 6155502
4653 6156942
5165 6328679
5267 6330144
4944 6331608
5396 6333073
5245 6334538
4855 6336002
4773 6337466
4955 6338931
4710 6340396
4871 6341861
4797 6343327
4763 6344793
4958 6346258
4949 6347723
4735 6349186
4960 6350651
4741 6352114
4812 6353577
4866 6355041
4956 6356506
4791 6357970
5025 6359435
4751 6360900
5056 6362365
4828 6363831
4855 6365297
4940 6366763
4781 6368229
4890 6369695
5076 6371161
4798 6372627
11444 6374092
4841 6375557
4782 6377022
4930 6378488
4762 6379954
5025 6381420
5070 6382886
4781 6384352
5104 6385818
5475 6387284
4747 6388749
5020 6390215
5721 6391681
4767 6393147
4923 6394614
6209 6396081
4794 6397548
5241 6399015
5104 6400483
4746 6401950
5215 6403417
4908 6404885
4802 6406352
5058 6407819
4912 6409286
4779 6410753
5368 6412220
4865 6413686
4889 6415153
5329 6416620
4859 6418087
4774 6419554
5285 6421021
4839 6422488
4790 6423954
5460 6425421
4819 6426887
5286 6428355
5961 6429822
4912 6431289
4837 6432756
4961 6434223
4778 6435689
4812 6437156
4902 6438622
4802 6440088
4877 6441552
4882 6443017
4871 6444483
5076 6445948
5083 6447414
4868 6448880
5385 6450346
4891 6451813
4832 6453280
4945 6454746
4828 6456212
4840 6457678
5012 6459144
4766 6460610
4722 6370766
4906 6372193
4684 6373620
4813 6375047
4741 6376475
4691 6377902
4824 6379329
4826 6380757
4942 6382184
4865 6383611
4794 6385039
4912 6386466
4812 6387894
4774 6389323
4994 6390752
4731 6392180
4778 6393607
4890 6395034
4730 6396462
4847 6397891
4863 6399319
4714 6400748
5008 6402177
4793 6403605
4733 6405033
4937 6406461
4760 6407890
5130 6409318
5145 6410747
4896 6412176
5240 6413606
4785 6415036
4723 6416466
5175 6417896
4999 6419326
4866 6420756
4820 6422186
4908 6423617
4802 6425047
4858 6426477
5021 6427907
4698 6429337
4853 6430767
4864 6432198
4740 6433628
4964 6435060
5188 6436492
4753 6437923
4879 6439355
4747 6440787
4760 6442220
4865 6443652
4785 6445084
4901 6446516
4796 6447949
4800 6449382
5022 6450815
4763 6452249
4741 6453682
4971 6455117
4744 6456551
4788 6457986
4875 6459420
4777 6460853
5076 6462286
4918 6463719
4810 6465151
4987 6466584
4796 6468016
4765 6469450
4953 6470883
4811 6472317
4855 6473751
5012 6475185
4817 6476620
5032 6478055
4949 6479490
4925 6480925
4957 6482361
5015 6483796
4907 6485232
5795 6486667
5188 6488103
5096 6489539
6016 6490975
5368 6492411
4913 6493847
4947 6495282
5199 6496717
4915 6498152
5033 6499588
5046 6501023
4895 6502458
5140 4466468
5146 4467778
5285 4469088
5063 4470398
5188 4471708
4976 4473018
5090 4474329
5131 4475640
5017 4476951
5540 4478262
5254 4479574
5077 4480886
5287 4482197
5253 44835