9 0
6 6144
6 16384
14 30720
9 49152
12 71680
11 97718
12 123392
15 149276
14 178995
15 208896
19 243029
20 281363
18 323584
23 365909
23 412416
30 463088
25 517688
27 572146
24 626688
29 685397
30 748078
31 810829
31 877738
32 948797
34 1023842
35 1098941
36 1178038
51 1257189
38 1340484
40 1427918
40 1519488
39 1615189
43 1715019
43 1818858
45 1922730
46 2030730
47 2142854
87 2258996
72 2375168
68 2495363
100 2615588
96 2739938
106 2868410
97 3001002
99 3137714
111 3278455
78 3419221
89 3564021
92 3708764
102 3853532
111 4002422
91 4155430
119 4312481
91 4469555
102 4630747
120 4796056
111 4965481
100 5139022
122 5316676
116 5498443
175 5684323
130 5874249
112 6064192
115 6258183
113 6452130
144 6646035
141 6839958
158 7037996
150 7240089
153 7442143
129 7644216
133 7850348
135 8056444
138 8262560
140 8472737
149 8682934
130 8897247
146 9115622
147 9333964
163 9552327
149 9774804
158 10001395
150 10232100
164 10466918
153 10705800
145 10944700
166 11187665
164 11430647
153 11677696
149 11924761
174 12175938
174 12431227
172 12690584
221 12949956
177 13213397
173 13476853
182 13744420
181 14016098
198 14291845
174 14567606
179 14847437
185 15127243
204 15407064
182 15690956
189 15974825
219 16258670
181 16542530
192 16830464
210 17118375
191 17406265
201 17694171
214 17986188
264 18282316
226 18582519
211 18882701
211 19182898
286 19487171
224 19791458
204 20099857
226 20412365
219 20728949
216 21045514
251 21362093
249 21682749
209 22003419
206 22328166
218 22652896
208 22977607
241 23302333
249 23631137
337 23959955
252 24292883
243 24629920
250 24971066
260 25316321
352 25665685
241 26019157
298 26376737
257 26738424
249 27104190
237 27469939
269 27835699
282 28205568
312 28579543
273 28957625
260 29339815
298 29726083
258 30112335
275 30498624
272 30893117
290 31291715
270 31694419
267 32101229
269 32512145
288 32927166
260 33346266
317 33765376
329 34188590
270 34615910
292 35047309
326 35478717
306 35914230
288 36353823
279 36793399
294 37232985
283 37676651
295 38120301
399 38563961
310 39011701
323 39459426
295 39907161
278 40359000
312 40814945
312 41274994
312 41739147
313 42207405
382 42679767
321 43156234
323 43636804
357 44121478
296 44610256
366 45103137
327 45600122
334 46101188
318 46602240
323 47103299
335 47608461
347 48117727
327 48631096
323 49148547
336 49666005
373 50187566
386 50713230
333 51242997
352 51776846
369 52310702
335 52848660
341 53390721
361 53936885
332 54487131
440 55037384
403 55591719
361 56146060
354 56704504
347 57267050
403 57833699
365 58404430
389 58975168
384 59550008
352 60128930
382 60707840
461 61286755
387 61869792
411 62461028
369 63056365
387 63655803
395 64259325
366 64862853
428 65470482
509 66082213
372 66698046
509 67317980
414 67942016
404 68570134
388 69198258
386 69830484
413 70466811
414 71107239
457 71751769
536 72400399
406 73053131
395 73709963
408 74370879
407 75031800
424 75696822
444 76365944
408 77039168
427 77716492
440 78397900
496 79079313
425 79764810
431 80450311
518 81139896
423 81829486
416 82523177
497 83220969
427 83922861
515 84628837
420 85334818
447 86044900
433 86759082
523 87477349
489 88195604
465 88913847
428 89632096
453 90354429
448 91076766
525 91803205
487 92533744
484 93268368
459 94002981
485 94737598
434 95476317
531 96219136
469 96966055
498 97717075
452 98472180
460 99227290
500 99986485
497 100745684
556 101508984
470 102276384
467 103047885
476 103823486
568 104603173
493 105382863
516 106166640
593 106950421
495 107738287
532 108526158
519 109318129
495 110114186
494 110910247
564 111710394
511 112510546
630 113314798
554 114123150
508 114935588
547 115748030
486 116564573
625 117385216
579 118209958
520 119038801
496 119871744
515 120708774
537 121545807
600 122386940
516 123232187
527 124085630
529 124943159
576 125800692
620 126662324
523 127528057
520 128397876
526 129267698
584 130141620
571 131019629
548 131897642
514 132779754
572 133665966
565 134556278
555 135450689
547 136349200
536 137251810
707 138158520
642 139069317
665 139980117
613 140895016
630 141814016
611 142737101
670 143660191
732 144587379
557 145518655
716 146449934
618 147385312
656 148324790
598 149268355
563 150211910
575 151155469
724 152103128
634 153054886
586 154010731
652 154966567
616 155922407
570 156882346
601 157846385
636 158814523
612 159786760
651 160763084
583 161739400
774 162715719
722 163696126
640 164676536
593 165661045
662 166649654
779 167642362
664 168639170
684 169640065
659 170640963
699 171645960
773 172655057
764 173668253
789 174685548
710 175706954
1052 176736555
926 177770255
893 178808042
968 179845821
851 180883592
703 181921366
698 182963239
725 184009200
720 185055153
735 186101097
725 187147045
813 188197081
682 189247120
654 190301247
650 191355378
702 192413596
1082 193471807
840 194530021
1042 195592334
745 196658735
914 197725129
705 198791526
682 199862011
684 200932500
789 202007088
744 203085775
723 204168561
755 205255436
708 206342314
757 207433291
873 208528368
930 209627543
742 210730807
715 211834074
678 212941440
773 214052905
858 215168470
949 216288133
918 217411895
1016 218539757
961 219671717
900 220807776
890 221947924
1001 223088075
954 224232325
982 225380673
1095 226533121
972 227689667
973 228850302
963 230010940
963 231175677
769 232344513
795 233517447
906 234694470
814 235871496
852 237052621
716 238237845
765 239427167
752 240620588
757 241818098
900 243015611
761 244217222
810 245422932
946 246632741
874 247846638
763 249060529
789 250274422
775 251492414
767 252714496
748 253936579
713 255162752
838 256388928
791 257619192
806 258849460
766 260083826
797 261322291
817 262564845
733 263807401
919 265054056
768 266304810
755 267559654
820 268814500
793 270073444
793 271336487
800 272603629
846 273874869
802 275150208
784 276429646
881 277713181
773 279000816
811 280292549
839 281588380
795 282888310
878 284192330
806 285496351
1029 286804472
890 288116690
800 289432998
829 290749309
803 292069718
803 293394216
918 294718717
1162 296047316
1067 297380014
955 298716801
876 300053581
858 301390364
943 302731246
917 304076226
903 305425295
892 306774367
1018 308127529
905 309480693
911 310837946
916 312195202
865 313556557
918 314922001
892 316287447
855 317656984
967 319026514
970 320396038
1075 321765556
911 323135076
873 324508686
896 325882299
879 327260010
913 328641820
1042 330027728
1015 331417735
1162 332811840
1426 334210043
942 335612345
961 337018745
967 338429244
938 339843841
1065 341262527
1055 342681217
925 344104004
1126 345530890
1053 346961874
929 348396948
960 349832025
982 351271199
1192 352714472
1112 354161844
1126 355613305
949 357064769
1094 358520331
979 359979991
980 361443749
1292 362911606
1207 364383561
1145 365859614
1126 367339757
1015 368819902
1062 370304138
1052 371788376
988 373276703
1263 374765034
1078 376257462
1016 377753988
1161 379254605
1064 380755224
1066 382259941
1276 383768757
1138 385281670
1071 386798682
1175 388319784
1052 389840880
1120 391361970
1161 392883063
997 394408246
1166 395933432
1198 397462715
1073 398996089
1047 400529465
1089 402066932
1161 403604401
1351 405145960
1177 406687514
1225 408229070
1152 409774724
1375 411324476
1276 412878327
1423 414436276
1449 415998315
1469 417560356
1259 419126496
1124 420696734
1239 422271062
1182 423845385
1219 425419710
1288 426998126
1419 428576544
1463 430159060
1184 431745674
1235 433368197
1131 434983467
1272 436602828
1379 438222191
1295 439845652
1369 441473204
1223 443100758
1123 444732410
1248 446368160
1286 448008009
1244 449651956
1253 451300000
1087 452952143
1172 454608384
1074 456268716
1143 457929050
1371 459593482
1560 461262012
1685 462934641
1351 464611367
1193 466292184
1296 467973003
1548 469657921
1522 471346936
1174 473040049
1186 474737261
1258 476438570
1166 478143977
1357 479853483
1371 481567086
1232 483284787
1159 485006587
1123 486732484
1206 488462472
1239 490192455
1348 491922433
1284 493652413
1139 495386484
1343 497120557
1224 498858729
1241 500600991
1601 502343248
1175 504085500
1314 505827754
1199 507574100
1304 509320447
2036 511070886
1992 512821319
1792 514571755
1562 516326289
1465 518084914
1355 519843541
1379 521606266
1383 523373082
1173 525139893
1351 526906707
1286 528677618
1572 530452627
1474 532231735
1619 534014940
1406 535802237
1277 537589536
1493 539380932
1297 541176420
1807 542971910
1732 544771498
1339 546575184
2260 548382961
1884 550190740
1736 552002617
1494 553818586
1480 555634556
1482 557454624
1965 559278784
1826 561102946
1748 562931205
1777 564763563
1862 566600018
2043 568440565
1875 570281114
1992 572125760
1931 573974505
1692 575827347
1461 577684288
1272 579545326
1422 581410455
1268 583275580
1405 585140701
1435 587005824
1421 588875037
1393 590744253
1305 592617567
1363 594494979
1319 596376482
1605 598257981
1563 600139481
1484 602025080
1468 603914776
1373 605808570
1434 607706462
1369 609608452
1468 611514540
1441 613424719
1715 615334901
1324 617249180
1616 619167556
1700 621090031
1630 623016604
1406 624947268
1449 626877934
1556 628812697
1409 630751559
1446 632694518
1392 634641575
1573 636592730
1434 638547983
1668 640507333
1398 642470775
1495 644434219
1397 646401761
1441 648373400
1533 650349137
1501 652328972
1758 654312904
1430 656300934
1720 658293062
1703 660289282
1589 662285503
1330 664285816
1464 666286131
1436 668290543
1575 670299047
1636 672307547
1393 674316042
1307 676324540
1395 678337135
1433 680353827
1584 682374618
1428 684399506
1396 686428491
1368 688461575
1385 690498756
1485 692540035
1634 694585411
1586 696634885
1414 698688457
1627 700746121
1337 702803786
1416 704865549
1468 706931409
1491 709001367
1472 711075417
1535 713149469
1562 715227618
1590 717309864
1362 719396209
1529 721486645
1447 723577083
1623 725671618
1418 727770251
1619 729872976
1544 731975702
1512 734082532
1594 736197556
1391 738316677
1512 740439889
1443 742563104
1430 744690415
1661 746821825
1377 748957332
1457 751096936
1435 753240633
1503 755384325
1420 757528013
1449 759671703
1384 761819490
1718 763971375
1595 766127358
1705 768287432
1454 770447508
1448 772611681
1579 774779952
1703 776952321
1643 779128787
1495 781309345
1457 783489899
1705 785670454
1790 787855102
1792 790039751
1765 792228497
1499 794421341
1662 796618283
1509 798819322
1575 801024453
1592 803229586
1511 805438810
1745 807648036
1631 809861360
1595 812078776
1927 814296193
1571 816517708
1665 818743320
1565 820973030
1534 823206837
1693 825444742
2540 827686744
1668 829932843
1549 832183035
1552 834433228
1679 836687519
1797 838945907
1568 841208393
1749 843474976
1548 845745651
1877 848016327
1600 850291101
1701 852569973
1522 854852942
1703 857140008
1500 859431172
1576 861726433
1731 864025786
1653 866325141
1618 868628593
1589 870936143
1919 873247784
1540 875559427
1505 877875168
1551 880195006
1551 882518941
1597 884846969
1581 887174992
1559 889503012
1548 891831033
1767 894163152
1732 896499363
1730 898835575
1978 901175885
1594 903520292
1586 905868796
1806 908221393
1727 910573991
1915 912930692
1868 915295581
1603 917660471
1943 920029458
1820 922402543
1977 924779726
1631 927161000
1783 929542271
1866 931923538
1581 934304807
1723 936690173
1666 939079636
1980 941473197
1551 943870855
1651 946272605
1673 948674357
1587 951080206
1718 953490147
1679 955900090
1627 958314130
1541 960732268
1793 963154497
1613 965576729
1659 968003057
1609 970433478
1588 972863900
1854 975298420
1642 977737032
1634 980175645
1666 982618350
1824 985061057
1862 987507862
1580 989958763
1710 992413762
1746 994872859
1715 997336052
1933 999803343
1603 1002274732
1812 1004750217
1753 1007229800
1677 1009713481
1623 1012201258
1641 1014693133
1730 1017189100
1854 1019685069
1694 1022185135
1702 1024689293
1681 1027193452
1736 1029701709
1738 1032214063
2348 1034730515
1611 1037251064
1644 1039775710
1653 1042304448
1747 1044833188
1866 1047366020
1754 1049898848
1757 1052431674
1754 1054964500
1948 1057501424
2062 1060042440
1695 1062583452
2045 1065124462
1891 1067665472
1705 1070210580
1784 1072759785
1777 1075313082
1894 1077866377
2016 1080419667
1690 1082972954
1898 1085526243
1812 1088038843
2031 1090460953
1664 1092887161
1886 1095317466
1870 1097751864
1710 1100186263
1922 1102624756
1722 1105063245
1776 1107501736
1664 1109944324
1750 1112391005
1906 1114837688
1795 1117288464
1720 1119739236
1628 1122190010
1910 1124644882
1818 1127103851
1810 1129566918
1984 1132034078
1942 1134501239
1742 1136972493
1704 1139443748
1723 1141919097
2016 1144394447
1933 1146873895
1835 1149357440
1691 1151845082
1853 1154336823
1983 1156832660
1803 1159332600
1803 1161840733
1798 1164352964
1937 1166869292
2310 1169389718
1717 1171914237
1824 1174438752
1735 1176963269
1959 1179491884
1878 1182024600
1907 1184565510
2021 1187110518
2071 1189659623
2014 1192212825
1852 1194770125
2030 1197331522
2354 1199897017
2117 1202466604
1907 1205036193
2040 1207609875
2281 1210183559
2974 1212761335
2901 1215339108
3062 1217916878
2417 1220494650
1893 1223076519
1971 1225662481
2123 1228248445
2399 1230838506
1909 1233432664
2068 1236030920
2240 1238633273
2045 1241239724
2356 1243850268
1898 1246460808
1838 1249071350
2078 1251685990
2261 1254304722
1827 1256923452
1931 1259542178
2324 1262160902
2248 1264779627
1912 1267402445
2056 1270025265
2162 1272652182
2020 1275283196
2218 1277918308
2028 1280557517
2206 1283200823
2253 1285848227
1906 1288499729
1968 1291155328
2090 1293815024
2245 1296478813
1878 1299142604
1995 1301810492
2091 1304482473
1954 1307154451
2056 1309826430
1961 1312502507
1970 1315182682
1949 1317866949
2410 1320551218
1998 1323239584
1980 1325932043
1968 1328624504
2440 1331321062
1841 1334021717
2129 1336726466
1971 1339431211
2062 1342135954
2406 1344840698
2451 1347549540
2084 1350262479
2209 1352979515
1868 1355700648
2159 1358425879
2110 1361155203
2059 1363884529
1874 1366617952
2310 1369355472
2168 1372097085
1897 1374838700
2012 1377584412
2039 1380334217
1936 1383084019
2092 1385833823
1919 1388587719
2213 1391341618
1979 1394099613
1930 1396861702
2267 1399623792
1984 1402389979
1931 1405160264
2023 1407934646
1896 1410713125
1936 1413495702
2214 1416282376
1889 1419073147
1904 1421868012
2075 1424662874
2219 1427457733
1835 1430252589
1945 1433047446
1982 1435846397
2139 1438645345
1985 1441444294
1884 1444247341
1974 1447054481
2287 1449861622
2284 1452672856
2030 1455484088
2050 1458295317
2070 1461106547
1780 1463921871
1932 1466737192
2049 1469552518
2194 1472376037
1894 1475203650
1878 1478031264
2053 1480862976
2178 1483698785
1980 1486538691
2064 1489382695
2430 1492230795
2113 1495082993
1993 1497939289
2057 1500799682
2169 1503664172
2270 1506532759
2027 1509405444
2085 1512282221
2179 1515159001
2181 1518039873
1946 1520920747
2142 1523805714
2255 1526690682
2183 1529579744
2036 1532468803
2358 1535357863
2004 1538251021
2194 1541148272
2393 1544045524
1986 1546946874
2155 1549852320
2320 1552761864
2299 1555675502
1975 1558589140
2199 1561506876
2088 1564428710
2190 1567354640
2085 1570284668
2242 1573218793
2280 1576157015
2093 1579099335
2545 1582045752
2138 1584996266
2134 1587950877
2134 1590909586
2196 1593872387
2255 1596835191
1961 1599802091
1972 1602773085
2132 1605744076
2151 1608715068
2458 1611690154
1995 1614665241
2152 1617644421
2103 1620623602
2183 1623606881
2304 1626594257
2420 1629585727
2172 1632577197
2205 1635572765
2384 1638572430
2187 1641576189
2106 1644579949
2029 1647587806
2146 1650599760
2431 1653615811
2144 1656635960
2101 1659660206
2416 1662688549
2295 1665720989
2124 1668757526
2213 1671798161
2579 1674842893
2099 1677891718
2049 1680940544
2241 1683993464
2396 1687046382
3537 1690099300
2248 1693156312
2501 1696213325
2816 1699274435
2197 1702339643
2649 1705408947
2285 1708482346
2050 1711555741
2161 1714629134
2618 1717702528
2066 1720780020
2136 1723861608
2118 1726947294
2519 1730037073
2090 1733126853
2244 1736220727
2280 1739314602
2155 1742412575
2257 1745514644
2187 1748679583
2690 1751896382
2211 1755113183
2266 1758334080
2200 1761559075
2473 1764788163
2429 1768017252
2156 1771250434
2626 1774483618
2227 1777720898
2264 1780962276
2314 1784207751
2595 1787457323
2136 1790710992
2348 1793968758
2424 1797230621
2604 1800496577
2274 1803762535
2224 1807032586
2332 1810302638
2287 1813576784
2260 1816850927
2664 1820125074
2231 1823407415
2222 1826693849
2210 1829980285
2467 1833270817
2180 1836565446
2228 1839864169
2502 1843162893
2187 1846465711
2304 1849768529
2361 1853075445
2349 1856386457
2421 1859701567
2172 1863020770
2260 1866339974
2193 1869663275
2313 1872990670
2338 1876318066
2276 1879649559
2410 1882985149
2242 1886324836
2566 1889668620
2553 1893016501
2424 1896368479
2369 1899724554
2888 1903084726
2454 1906588259
2373 1909956625
2749 1913329088
2727 1916705649
2539 1920086306
2620 1923471057
2220 1926855809
2198 1930244657
2266 1933637603
2472 1937034643
2449 1940431679
2194 1943828714
2260 1947225749
2475 1950626881
2316 1954032111
2274 1957441437
2571 1960854857
2391 1964268278
2213 1967685796
2257 1971107408
2400 1974529020
2507 1977954726
2266 1981380433
2448 1984810234
2783 1988240035
2292 1991673934
2446 1995111929
2288 1998554019
2467 2001996105
2242 2005438193
2336 2008884378
2313 2012334656
2460 2015784935
2390 2019239308
2855 2022693682
2481 2026152153
2589 2029614721
2340 2033081386
3673 2036552148
2620 2040027003
2548 2043501856
2617 2046976710
2838 2050455661
2622 2053938709
3014 2057425851
2575 2060912994
2459 2064404230
2450 2067895467
2665 2071390798
2374 2074886130
2557 2078385555
2374 2081884982
2586 2085388505
2374 2088896126
2350 2092407840
2516 2095919551
2723 2099431264
2431 2102947074
2606 2106466981
2394 2109990984
2342 2113519082
2451 2117047180
2813 2120579375
2399 2124115664
2528 2127651954
2573 2131192341
2486 2134736822
2588 2138281303
2756 2141829882
2424 2145382554
2440 2148935227
2451 2152491997
2800 2156052864
2442 2159617828
2471 2163186886
2825 2166755945
2629 2170329101
2407 2173906350
2601 2177483604
2646 2181069047
2613 2184654488
2621 2188239930
2562 2191829469
2723 2195423105
2707 2199020838
2562 2202622668
2773 2206228592
2605 2209834517
2652 2213444538
2745 2217058653
2494 2220672770
2347 2224290983
2402 2227913293
2676 2231539700
2761 2235170204
2489 2238804805
2643 2242443500
2928 2246082195
2456 2249724988
2438 2253371878
2599 2257022868
2847 2260682050
2530 2264345330
2624 2268012707
7663 2271684180
3499 2275359748
3299 2279035316
3560 2282714978
3517 2286394641
2534 2290078400
2956 2293766254
2751 2297454108
2510 2301146060
2729 2304842105
2759 2308538151
2373 2312238294
2650 2315942530
2709 2319646768
2420 2323355102
2421 2327067534
2722 2330784062
2314 2334504684
2354 2338225307
2691 2341950024
2405 2345674742
2392 2349403553
2672 2353132366
2951 2356865275
2422 2360602281
2462 2364343381
2501 2368084479
2376 2371825574
2411 2375566670
2790 2379311864
2413 2383061154
2378 2386814541
2541 2390572022
2477 2394329504
2331 2398091083
2382 2401856758
2393 2405626528
2414 2409396298
2491 2413170165
2642 2416948129
2476 2420730187
2516 2424512246
2907 2428298399
2579 2432084552
2626 2435800917
2724 2439480545
2533 2443164267
2619 2446847987
2667 2450531708
2572 2454219525
2761 2457911437
2953 2461603349
2560 2465299358
2630 2468999465
2874 2472703668
2592 2476411968
2845 2480124366
2739 2483840860
2889 2487561451
2572 2491286139
2913 2495014924
2524 2498747806
2656 2502484782
2980 2506221758
2645 2509962832
2716 2513708003
3105 2517457270
2573 2521210635
2640 2524968096
3011 2528729655
2515 2532495310
2607 2536265059
3051 2540034809
2673 2543808653
2665 2547582495
3024 2551356338
3220 2555134277
2589 2558916311
3112 2562698342
2647 2566480375
3242 2570266504
2741 2574056727
2645 2577846948
2956 2581637170
2922 2585431489
2799 2589229905
3241 2593032417
2790 2596839027
2875 2600649734
2659 2604464534
2856 2608279332
2779 2612094129
2838 2615908926
3082 2619727820
4100 2623550811
3690 2627377899
2931 2631209087
2820 2635048468
2978 2638891945
2578 2642739520
2698 2646591188
2811 2650442858
2633 2654298624
2729 2658158488
2946 2662022445
2655 2665886400
2798 2669750356
2811 2673618409
2750 2677490558
2963 2681366805
2903 2685247146
2628 2689127487
4371 2693011926
2905 2696900461
2752 2700793090
3289 2704685720
2935 2708582447
3293 2712483268
2729 2716384090
2966 2720289006
3008 2724193922
2815 2728102936
3257 2732016044
2912 2735929152
2748 2739846354
3059 2743763557
2802 2747684855
2780 2751606150
2830 2755527446
2980 2759452839
2994 2763382328
3390 2767315912
2763 2771249497
2984 2775187175
3486 2779124855
2756 2783066628
3107 2787008400
3301 2790950172
2747 2794896041
2994 2798846007
2938 2802800070
2737 2806758227
2931 2810716385
2630 2814678640
2670 2818644992
3127 2822615440
2599 2826589985
2601 2830568625
3124 2834547265
2694 2838529999
2741 2842512735
3137 2846499567
2765 2850490493
2872 2854481419
2874 2858476440
2780 2862471462
2707 2866470578
2988 2870469692
2788 2874468806
2782 2878472018
2948 2882479323
2975 2886486630
2779 2890498033
2921 2894513533
4313 2898533130
3308 2902556824
3016 2906584612
3126 2910612401
2929 2914644284
3209 2918676168
3390 2922712148
2801 2926752226
3003 2930796400
3117 2934844668
3075 2938892938
3666 2942945304
3538 2947001767
3023 2951062327
3518 2955126981
3572 2959191632
2924 2963256282
3243 2967320933
3080 2971389678
2938 2975458424
2930 2979531266
3010 2983608206
3005 2987689242
2953 2991774375
2759 2995863605
3032 2999956932
3317 3004054356
3245 3008155877
2945 3012261494
3436 3016371209
3205 3020485017
2858 3024598824
3281 3028712628
2903 3032826431
2867 3036940237
3216 3041062236
3026 3045188329
3326 3049314423
3658 3053444614
3228 3057578902
4099 3061717286
3587 3065859765
3139 3070002241
2959 3074144719
3462 3078291293
3323 3082441962
2885 3086592631
3182 3090838162
3031 3095140418
3046 3099442673
3125 3103744927
3042 3108051279
3138 3112361725
3643 3116672171
3496 3120986715
3858 3125305352
2998 3129623990
3165 3133946725
3763 3138273557
2933 3142604485
3246 3146939511
3344 3151278633
3002 3155621852
3659 3159969165
3061 3164316478
3687 3168667886
3058 3173019295
3042 3177374800
3405 3181734402
3549 3186098101
3689 3190465897
3260 3194837790
3239 3199213776
3445 3203589761
3186 3207965746
3697 3212345826
3120 3216725903
3699 3221105979
3458 3225486055
3221 3229870226
3719 3234254394
3221 3238638564
3150 3243026830
3408 3247419193
3265 3251815650
3845 3256212105
3366 3260608558
3871 3265005012
3475 3269405562
3471 3273810207
3613 3278214853
3385 3282623595
3409 3287036434
3568 3291453368
3381 3295870302
3757 3300291330
3297 3304712356
4014 3309133383
3118 3313558505
3350 3317983624
3547 3322408744
3263 3326837958
4165 3331267173
3378 3335700485
3342 3340137893
3195 3344579396
3481 3349020900
3494 3353466497
3288 3357912096
4147 3362361788
3792 3366811479
3241 3371261168
3160 3375710857
3315 3380164644
4160 3384622524
3028 3389080405
3440 3393542384
3205 3398008456
3026 3402474529
3268 3406944696
3069 3411414864
3077 3415889129
3609 3420367488
3298 3424845847
3423 3429328304
3763 3433814857
3131 3438305505
3256 3442796150
3486 3447286794
3539 3451777439
3689 3456272177
3269 3460766917
3460 3465265753
3203 3469768684
3899 3474271615
2217 3478778640
3282 3483285664
3211 3487792688
3510 3492303810
3450 3496819028
3216 3501338340
3719 3505857650
3171 3510376961
4079 3514900369
4270 3519427872
3104 3523955375
3129 3528486974
3276 3533022671
3242 3537562462
3526 3542102253
5110 3546646139
3329 3551190023
3373 3555733907
3340 3560281889
3218 3564833967
3508 3569390140
3431 3573946310
3250 3578502479
3344 3583058649
3550 3587618915
3282 3592183279
3879 3596751739
3269 3601324296
4050 3605900949
3265 3610481697
3689 3615062446
3247 3619647291
3427 3624236233
4156 3628829270
3257 3633422307
3777 3638019441
3245 3642620669
3340 3647221896
3551 3651823121
3427 3656424346
3553 3661029668
3606 3665639087
3573 3670252603
3362 3674870213
3772 3679487824
3508 3684109532
3743 3688735336
3947 3693365237
3631 3697999235
4192 3702637327
3913 3707275420
3647 3711917610
3838 3716563897
3388 3721214280
3411 3725868758
3576 3730523236
3565 3735181809
3297 3739840382
3621 3744465601
4195 3749136490
4224 3753811475
3382 3758490558
3283 3763173736
3459 3767861010
3244 3772548283
3877 3777239651
3348 3781931020
3358 3786626486
3392 3791326048
3566 3796029707
3888 3800737463
3257 3805449315
3729 3810165264
3545 3814885310
3683 3819609453
3527 3824337692
3252 3829070026
3756 3833802360
3510 3838538788
3688 3843275218
3579 3848015744
3318 3852760366
3560 3857509083
3657 3862257801
3835 3867010615
3450 3871767527
3547 3876528532
3327 3881289538
3622 3886054641
3324 3890823840
3582 3895597136
3582 3900374529
3351 3905156019
3664 3909941605
3325 3914731286
3401 3919520967
3368 3924314745
3253 3929112618
3724 3933910491
3691 3938712460
3453 3943518527
3326 3948328690
3492 3953142950
3409 3957961306
3413 3962783760
3501 3967610310
3622 3972440956
3567 3977275700
3408 3982114537
3345 3986953376
3357 3991796311
3618 3996643342
3672 4001494471
3464 4006349696
3265 4011209015
3325 4016068335
3421 4020931750
4013 4025795165
3691 4030662676
3336 4035534285
3728 4040409987
3550 4045285691
3314 4050165491
3447 4055049388
3782 4059937381
3748 4064829469
3713 4069721557
3345 4074617740
3930 4079513923
3431 4084414203
3587 4089318580
4339 4094227053
3398 4099139621
4082 4104052190
3632 4108968855
3628 4113889616
4149 4118814475
3523 4123743430
3583 4128676482
3458 4133613630
3941 4138554876
3415 4143500215
3555 4148445553
3364 4153390889
3594 4158336226
3510 4163285659
3576 4168239189
3384 4173196816
3903 4178158537
3535 4183120259
3842 4188086077
3429 4193055992
4014 4198030001
3675 4203004011
3453 4207982116
3658 4212960221
3406 4217942420
3695 4222924620
3837 4227910917
3691 4232901310
3949 4237895798
3311 4242890284
3789 4247884770
3495 4252883351
3634 4257881933
3823 4262884611
3673 4267891386
4333 4272902258
6129 4277917226
5501 4282936289
5472 4287955350
3846 4292974411
5554 4297997569
3892 4303024822
4294 4308052075
3564 4313083425
3675 4318118869
3810 4323154314
4016 4328193854
3479 4333233391
3751 4338272930
3663 4343316564
3509 4348364296
3704 4353416124
3558 4358472049
3750 4363532069
3630 4368592089
3535 4373656205
3622 4378724416
3545 4383792625
3707 4388860835
3769 4393933142
3626 4398924809
3921 4403837326
3722 4408753939
4184 4413674649
3623 4418599453
3983 4423524258
3555 4428453160
3712 4433386158
3844 4438323251
3505 4443260344
3644 4448201532
3373 4453142719
3374 4458083906
3574 4463029189
3540 4467978570
3536 4472932047
4209 4477889621
3692 4482851289
3631 4487812958
3594 4492778722
3561 4497744486
4063 4502714347
3819 4507688304
3489 4512666359
3688 4517648510
3521 4522634757
3698 4527625099
3779 4532615442
3594 4537609880
3645 4542604317
3516 4547602852
3492 4552605484
3854 4557612212
3759 4562623036
3458 4567637958
3721 4572656974
3618 4577675991
3660 4582699104
3827 4587726314
3699 4592757621
3573 4597793024
3754 4602832524
3672 4607876121
4072 4612923815
3663 4617975603
3916 4623027392
3770 4628083277
3707 4633143259
4069 4638207338
3668 4643275513
3705 4648347785
3582 4653424154
4211 4658504620
3656 4663589180
4289 4668673740
3556 4673762396
3700 4678851051
3854 4683943804
4198 4689040653
3581 4694141599
3606 4699246639
3915 4704351680
3479 4709460818
3767 4714574050
3694 4719687280
3602 4724800512
3777 4729917837
3779 4735035163
3683 4740156586
4192 4745282106
3482 4750411723
3632 4755545433
6829 4760679145
4054 4765816953
3896 4770958856
3752 4776100759
3425 4781246759
3931 4786396853
3550 4791546946
3816 4796697040
3404 4801851230
3878 4807009517
3827 4812171901
3969 4817338381
3584 4822508958
3640 4827683632
3924 4832862402
3758 4838045267
3663 4843228132
3588 4848415094
3554 4853606153
3948 4858801309
3578 4864000561
3710 4869203910
3570 4874411353
3561 4879618797
3580 4884830335
3822 4890041874
3616 4895257508
4685 4900473140
4202 4905688773
4397 4910908502
3512 4916132328
3914 4921360251
3642 4926592270
3939 4931828386
3698 4937068599
3953 4942312908
3690 4947561314
3879 4952813817
3539 4958070416
3725 4963331112
3594 4968595905
3836 4973864794
3994 4979137780
3771 4984414861
3913 4989691942
3666 4994973120
3922 5000258392
3471 5005543663
3813 5010828934
3718 5016118302
3770 5021411767
3641 5026709328
3704 5032010986
3892 5037316739
3581 5042622492
3853 5047932342
4081 5053246288
3809 5058564331
3980 5063886471
3810 5069249617
3971 5074616814
3830 5079988108
3823 5085363498
3981 5090742985
3773 5096126567
4432 5101510149
3787 5106897828
4087 5112289601
4315 5117681375
4092 5123077243
4220 5128473112
4162 5133873076
3732 5139273040
4156 5144677098
3803 5150081158
4621 5155489314
3760 5160901566
4165 5166317913
3791 5171734261
3960 5177154703
3803 5182575146
4324 5187999685
4094 5193428321
4089 5198861054
4208 5204297884
3826 5209738807
4518 5215179732
3871 5220624751
4436 5226069771
3822 5231518885
4649 5236967997
3742 5242417111
3996 5247870321
4008 5253327627
4115 5258789028
7919 5264250430
3936 5269715928
3891 5275185521
5132 5280655115
4939 5286128803
3952 5291602492
4186 5297080277
4211 5302562159
3875 5308048137
4019 5313538213
3774 5319032384
3963 5324530653
3849 5330033018
3908 5335539480
4022 5341050036
3741 5346560593
3800 5352075247
4148 5357593995
3912 5363112743
4082 5368635589
3798 5374162531
3720 5379693569
4054 5385228704
3823 5390767934
4039 5396307162
3740 5401846391
4213 5407389717
3945 5412937139
3920 5418488657
4453 5424044271
4399 5429599885
4347 5435159595
4188 5440723402
4272 5446291304
4262 5451859206
4113 5457431203
4233 5463003201
4584 5468579295
4076 5474159483
4215 5479739673
4399 5485323958
4223 5490912339
4608 5496500718
4962 5502089097
4174 5507681571
4114 5513274046
4759 5518870617
4562 5524471285
4405 5530076050
4313 5535684911
4349 5541297869
4140 5546914921
4245 5552531974
4098 5558153122
4274 5563774270
4314 5569399513
3961 5575024756
4260 5580654096
4527 5586287530
3710 5591920965
4880 5597558495
3980 5603196025
4644 5608837652
4244 5614483376
4141 5620133194
4021 5625783012
5220 5631436926
4053 5637090837
4459 5642744750
4702 5648402757
4433 5654060762
4086 5659718768
4045 5665380871
5409 5671047071
4889 5676717367
5111 5682391757
4310 5688066148
4061 5693744636
4222 5699427219
4003 5705109802
4168 5710843318
4299 5716575051
4330 5722310881
4485 5728050808
4309 5733794831
3963 5739542951
4612 5745295167
4302 5751051478
4990 5756807789
4388 5762568198
6718 5768332700
4351 5774097202
4202 5779861702
5355 5785626200
5239 5791390697
4350 5797155193
4115 5802919689
4509 5808688282
4366 5814460969
4495 5820233655
4584 5826006342
4636 5831783123
4371 5837559903
4558 5843336681
4422 5849113460
6251 5854894336
5205 5860679308
6242 5866468377
5483 5872261541
6091 5878054705
6044 5883851966
5050 5889653323
4182 5895458777
4664 5901268328
4175 5907081973
4381 5912895619
4473 5918713361
4807 5924535200
4568 5930361136
5089 5936191168
4112 5942025297
4204 5947863523
4168 5953705843
4389 5959548161
4119 5965390481
4354 5971236897
4479 5977087409
4854 5982942018
4571 5988800724
4933 5994663527
4181 6000530423
4249 6006397321
4124 6012268315
4370 6018143404
3420 6024018492
11428 6029893580
9471 6035772762
13125 6041651945
12994 6047535225
3812 6053422602
9877 6059314075
29955 6065209642
16018 6071105211
20124 6077004876
23536 6082908635
16949 6088812395
23236 6094720252
17932 6100632205
20411 6106548255
16571 6112468402
20796 6118422440
18248 6124436825
22040 6130459403
15585 6136486075
18187 6142512747
16638 6148543517
17900 6154578383
13482 6160617345
15499 6166660404
14639 6172707557
20440 6178754710
16815 6184801862
16728 6190853112
25782 6196908457
19725 6202967898
20445 6209027339
22165 6215090877
19532 6221158513
18316 6227234341
4485 6233314267
4477 6239398286
3939 6245482307
17615 6251570426
11326 6257666737
10050 6263767145
18237 6269871648
17758 6275976151
15725 6282084751
24703 6288197447
25164 6294314240
12599 6300405321
17782 6306431969
18980 6312458615
17502 6318485261
18772 6324516006
18245 6330554944
16267 6336597978
24289 6342645107
16450 6348692237
16232 6354743463
14384 6360798786
12454 6366858205
14737 6372921719
14191 6378985231
13633 6385048745
16710 6391116354
17272 6397188061
15988 6403263863
9384 6409343763
10678 6415427759
9482 6421515852
9631 6427608041
9717 6433704325
7981 6439800609
4746 6445900988
6449 6452001366
4788 6458101744
5294 6464206219
7105 6470314790
4556 6476427456
19154 6482540123
18142 6488656886
19100 6494777746
6488 6500902703
21922 6507031756
19806 6513164905
17359 6519360772
14532 6525661904
15016 6531963037
12612 6538268266
14229 6544577590
11951 6550886913
14126 6557196236
5242 6563509655
6797 6569827171
10756 6576148782
7922 6582470391
6701 6588792001
10287 6595117708
10804 6601447510
11953 6607781410
13798 6614119404
10468 6620457398
14511 6626799490
13114 6633145675
14351 6639491860
16107 6645838044
17588 6652188326
13697 6658542704
13856 6664901178
8042 6671263749
8680 6677630417
8914 6684001181
6667 6690376041
16634 6696754998
11579 6703138050
6862 6709521100
12552 6715904151
5641 6722291298
5961 6728682542
3160 6735077883
13083 6741477320
3198 6747880851
10180 6754284383
7123 6760692012
9795 6767103735
13198 6773515459
10928 6779931277
18478 6786347094
4790 6792807091
16246 6799165515
14410 6805523939
16659 6811886460
5643 6818253077
14399 6824623791
16095 6830998601
11929 6837377508
12425 6843760510
3078 6850143512
7998 6856530611
4689 6862921804
7241 6869312997
8861 6875704189
11001 6882099479
15373 6888498864
12524 6894902347
2755 6901309926
2900 6907721601
3254 6914137373
5052 6920557242
7126 6926981205
11917 6933405169
5826 6939833228
7448 6946261285
17827 6952689341
10841 6959117396
12333 6965545451
15931 6971977603
16941 6978413851
15140 6984854196
11076 6991298638
2838 6997747176
4593 7004199810
2820 7010656539
2812 7017113269
4007 7023574094
8227 7030034919
5681 7036499839
6835 7042964759
2834 7049433774
2799 7055902790
2772 7062375900
11717 7068849011
14240 7075326218
3691 7081807522
3812 7088292921
4072 7094778320
3031 7101267814
2975 7107757309
2790 7114250898
3159 7120744488
6827 7127242174
6176 7133743955
9709 7140245737
14358 7146751615
17446 7153261588
15714 7159771562
13339 7166149048
15768 7172609904
16419 7179070761
15758 7185535714
16255 7192004764
15906 7198477911
11105 7204955152
11158 7211432393
14524 7217913729
16475 7224395064
13512 7230876400
4677 7237361832
3413 7243851360
5370 7250344983
3976 7256838607
2692 7263336327
3739 7269838146
5610 7276348155
2849 7282858165
3282 7289372269
5044 7295886374
8361 7302404576
12405 7308926874
5314 7315453268
5935 7321983757
9676 7328514247
16405 7335048833
9013 7341587514
12339 7348126194
11908 7354664873
8788 7361203551
3256 7367746327
3483 7374293199
11745 7380844167
7707 7387399232
7597 7393958394
6069 7400521650
2943 7407084907
3443 7413652258
5048 7420219610
4907 7426791056
3757 7433362504
3134 7439938047
3676 7446517687
3633 7453101424
3254 7459689257
3324 7466281187
3313 7472877213
3377 7479477334
3332 7486077454
6284 7492677574
10166 7499281789
4614 7505886004
3194 7512494316
4624 7519106725
5522 7525723230
4877 7532343833
4995 7538972629
5855 7545605521
3873 7552242510
3314 7558883593
3090 7565524677
3065 7572169857
3279 7578819134
2807 7585472508
3057 7592129978
3206 7598791544
2910 7605457206
3569 7612122866
3231 7618788526
2961 7625458283
3593 7632132135
4562 7638839162
4398 7645525292
4882 7652215517
4736 7658905742
5623 7665600061
5213 7672294380
2743 7678988699
3402 7685687113
5042 7692385525
4887 7699083938
4669 7705786448
4660 7712493052
6348 7719199657
4770 7725910357
4540 7732621057
4589 7739335854
4260 7746054745
2701 7752773635
4101 7759492526
4928 7766215513
4984 7772942596
4895 7779673777
4418 7786409052
2854 7793144327
4129 7799883697
4879 7806623068
5130 7813366535
4984 7820114099
4527 7826865759
2912 7833621516
3247 7840381367
5179 7847141218
5017 7853901068
4923 7860665016
5091 7867433058
3344 7874201100
4632 7880973239
5267 7887749475
4418 7894529807
5005 7901314236
4487 7908102759
4890 7914891281
5315 7921679802
7524 7928468323
5678 7935260941
7457 7942057656
4910 7948858465
4430 7955659274
6648 7962464179
7392 7969269082
5655 7976073986
8726 7982882984
8042 7989691983
6438 7996505079
7952 8003322271
6785 8010143559
5450 8016968944
7904 8023798426
5152 8030632004
4179 8037469677
7257 8044307350
5116 8051149120
5926 8057994986
6329 8064844949
6073 8071699007
4877 8078553065
3813 8085411218
3733 8092269371
4520 8099131621
5322 8105997966
5369 8112864311
5515 8119734751
4856 8126605190
4970 8133475627
3089 8140346066
4592 8147220600
5669 8154099231
5113 8160981957
4693 8167864683
5009 8174751504
5865 8181638324
4947 8188525145
4695 8195416062
4800 8202311074
3925 8209206084
2917 8216101093
2987 8222996103
4590 8229895208
4833 8236794311
5611 8243693415
4473 8250596616
6062 8257503911
5014 8264550470
4836 8271461863
4782 8278377351
2821 8285296935
2960 8292216517
2861 8299136100
3956 8306059780
5141 8312987555
5583 8320000842
4969 8327080196
5335 8334163647
3266 8341